,Address Match,Business Phone,City Match,Connected,Disconnected,First Name Match,High Quality,INF,Landline,Last Name Match,Low Quality,Mailable,Medium Quality,NO SIC,No Address,No Date,No Geocoordinates,No Line Type,No Provider,No Provider City,No Provider State,OFFICE_TELEPHONE,Ported,Possibly Portable VOIP,Relevant Name,Relevant SIC,Residential Phone,State Match,Toll free,Unknown Contact,Unknown phone type,VOIP,Wireless note,Wireless type,Workplace Match,ZipCode Match
0,0,0,0,0,0,0,0,0,1,0,0,0,1,1,1,0,1,0,0,0,0,6233123020,1,0,1,0,0,0,0,0,1,0,0,0,0,0
1,0,0,0,1,0,0,0,0,1,0,0,0,1,1,1,0,1,0,0,0,0,4707323585,1,0,0,0,1,0,0,0,0,0,0,0,0,0
2,1,1,1,1,0,0,1,0,1,0,0,1,0,0,0,0,0,0,0,0,0,5594326212,1,0,0,1,0,1,0,0,0,0,0,0,1,1
3,0,0,0,1,0,0,0,0,1,0,0,0,1,1,1,0,1,0,0,0,0,4143261514,1,0,0,0,1,0,0,0,0,0,0,0,0,0
4,0,1,1,1,0,0,1,0,1,0,0,1,0,0,0,1,1,0,0,0,0,3527428830,0,0,1,1,0,1,0,0,0,0,0,0,0,1
5,0,1,1,1,0,0,1,0,1,0,0,1,0,0,0,1,1,0,0,0,0,3527428830,0,0,1,1,0,1,0,0,0,0,0,0,0,1
6,1,1,1,0,0,0,0,0,1,0,1,1,0,1,0,1,1,0,0,0,0,3522735670,0,0,0,0,0,1,0,0,0,0,0,0,0,1
7,1,1,1,1,0,0,1,0,1,0,0,1,0,1,0,0,0,0,0,0,0,3034445110,1,0,1,0,0,1,0,0,0,0,0,0,0,1
8,1,1,1,1,0,0,1,0,1,0,0,1,0,1,0,0,0,0,0,0,0,3034445110,1,0,1,0,0,1,0,0,0,0,0,0,0,1
9,1,1,1,1,0,0,1,0,1,0,0,1,0,0,0,0,0,0,0,0,0,6038801590,1,0,1,1,0,1,0,0,0,0,0,0,0,1
10,1,1,1,1,0,0,1,0,1,0,0,1,0,0,0,0,0,0,0,0,0,6038801590,1,0,1,1,0,1,0,0,0,0,0,0,0,1
11,1,1,1,1,0,1,1,0,1,1,0,1,0,0,0,1,0,0,0,0,0,9417921717,0,0,1,1,0,1,0,0,0,0,0,0,0,1
12,0,1,1,0,0,0,0,0,1,0,1,0,0,1,1,0,1,0,0,0,0,4143894900,1,0,1,0,0,1,0,0,0,0,0,0,0,0
13,0,1,1,0,0,0,0,0,1,0,1,0,0,1,1,0,1,0,0,0,0,4143894900,1,0,1,0,0,1,0,0,0,0,0,0,0,0
14,0,0,0,0,0,0,0,0,1,0,0,0,0,1,1,1,1,0,0,0,0,7183342483,0,0,0,0,0,0,0,1,0,0,0,0,0,0
15,0,0,0,0,0,0,0,0,1,0,0,0,0,1,1,1,1,0,0,0,0,7183342483,0,0,0,0,0,0,0,1,0,0,0,0,0,0
16,0,1,1,1,0,1,1,0,1,1,0,1,0,0,0,1,0,0,0,0,0,8138778665,0,0,1,1,0,1,0,0,0,0,0,0,0,1
17,0,1,1,1,0,0,1,0,1,1,0,1,0,1,0,0,1,0,0,0,0,2053132650,1,0,1,0,0,1,0,0,0,0,0,0,0,1
18,0,1,1,1,0,0,1,0,1,1,0,1,0,1,0,0,1,0,0,0,0,2053132650,1,0,1,0,0,1,0,0,0,0,0,0,0,1
19,0,1,1,0,0,0,0,0,1,0,1,0,0,1,1,0,1,0,0,0,0,9738424272,1,0,0,0,0,1,0,0,0,0,0,0,0,1
20,0,1,1,0,0,0,0,0,1,0,1,0,0,1,1,0,1,0,0,0,0,9738424272,1,0,0,0,0,1,0,0,0,0,0,0,0,1
21,0,1,1,0,1,0,0,1,1,0,1,0,0,1,1,0,1,0,0,0,0,6059776842,1,0,1,0,0,1,0,0,0,0,0,0,0,0
22,1,1,1,0,0,0,0,0,1,0,1,1,0,1,0,0,1,0,0,0,0,3605765060,1,0,0,0,0,1,0,0,0,0,0,0,0,1
23,1,1,1,1,0,0,1,0,1,1,0,1,0,0,0,0,1,0,0,0,0,5614951337,1,0,1,1,0,1,0,0,0,0,0,0,0,1
24,0,0,0,0,0,0,0,0,1,0,0,0,1,1,1,0,0,0,0,0,0,6166857450,1,0,0,0,0,0,0,0,1,0,0,0,0,0
25,0,0,0,0,0,1,0,0,1,0,1,0,0,1,1,1,1,0,0,0,0,7878201763,0,0,0,0,1,1,0,0,0,0,0,0,0,0
26,0,0,0,0,0,1,0,0,1,0,1,0,0,1,1,1,1,0,0,0,0,7878201763,0,0,0,0,1,1,0,0,0,0,0,0,0,0
27,1,0,1,1,0,0,1,0,1,1,0,1,0,1,0,1,0,0,0,0,0,5164664565,0,0,0,0,1,1,0,0,0,0,0,0,0,1
28,1,0,1,1,0,0,1,0,1,1,0,1,0,1,0,1,1,0,0,0,0,5164664565,0,0,0,0,1,1,0,0,0,0,0,0,0,1
29,0,1,0,0,1,0,0,1,1,1,1,1,0,0,0,1,0,0,0,0,0,3135820363,0,0,1,1,0,1,0,0,0,0,0,0,0,0
30,0,0,0,1,0,0,1,0,1,1,0,1,0,1,0,0,1,0,0,0,0,9723840273,1,0,0,0,1,1,0,0,0,0,0,0,0,0
31,0,0,0,1,0,0,1,0,1,1,0,1,0,1,0,0,1,0,0,0,0,9723840273,1,0,0,0,1,1,0,0,0,0,0,0,0,0
32,1,1,1,0,1,1,0,1,1,1,1,1,0,1,0,1,1,0,0,0,0,8066652120,0,0,1,0,0,1,0,0,0,0,0,0,0,1
33,0,0,0,0,0,0,0,0,1,0,0,0,0,1,1,1,1,0,0,0,0,3256282654,0,0,0,0,0,0,0,1,0,0,0,0,1,0
34,0,0,0,0,0,0,0,0,1,0,0,0,0,1,1,1,0,0,0,0,0,3256282654,0,0,0,0,0,0,0,1,0,0,0,0,1,0
35,0,1,0,0,0,0,0,0,1,0,1,1,0,0,0,0,0,0,0,0,0,5708267758,1,0,1,1,0,1,0,0,0,0,0,0,0,0
36,0,0,1,0,1,0,0,1,0,0,1,1,0,1,0,1,1,0,0,0,0,9852620475,0,0,0,0,1,1,0,0,0,1,0,0,0,0
37,0,1,0,0,1,1,0,1,1,1,1,1,0,0,0,1,0,0,0,0,0,9286807707,0,0,0,1,0,1,0,0,0,0,0,0,0,0
38,0,1,0,0,1,1,0,1,1,1,1,1,0,0,0,1,1,0,0,0,0,9286807707,0,0,0,1,0,1,0,0,0,0,0,0,0,0
39,0,0,0,1,0,0,0,0,1,0,0,0,1,1,1,1,1,0,0,0,0,6095810283,0,0,0,0,1,1,0,0,0,0,0,0,0,0
40,0,0,0,1,0,0,0,0,1,0,0,0,1,1,1,1,1,0,0,0,0,6095810283,0,0,0,0,1,1,0,0,0,0,0,0,0,0
41,0,1,0,0,1,1,0,1,1,1,1,1,0,0,0,1,1,0,0,0,0,4155469642,0,0,1,1,0,1,0,0,0,0,0,0,0,0
42,0,1,0,1,0,0,1,0,1,1,0,1,0,1,0,1,0,0,0,0,0,9544419700,0,0,1,0,0,1,0,0,0,0,0,0,0,0
43,0,1,0,1,0,0,0,0,1,0,0,0,1,1,1,1,1,0,0,0,0,3014962128,0,0,1,0,0,1,0,0,0,0,0,0,0,0
44,0,0,0,0,0,0,0,0,1,0,0,0,0,1,1,1,1,0,0,0,0,4238545880,0,0,0,0,0,0,0,1,0,0,0,0,1,0
45,0,0,1,0,0,0,0,0,1,0,1,0,0,1,1,1,1,0,0,0,0,9192862287,0,0,0,0,1,1,0,0,0,0,0,0,0,0
46,0,0,0,1,0,0,1,0,1,0,0,1,0,0,0,1,1,0,0,0,0,9104885714,0,0,0,1,1,1,0,0,0,0,0,0,0,0
47,0,0,0,1,0,0,1,0,1,0,0,1,0,0,0,1,1,0,0,0,0,9104885714,0,0,0,1,1,1,0,0,0,0,0,0,0,0
48,1,0,1,1,0,0,1,0,1,1,0,1,0,1,0,1,0,0,0,0,0,7403733731,0,0,0,0,1,1,0,0,0,0,0,0,0,1
49,1,0,1,1,0,0,1,0,1,1,0,1,0,1,0,1,1,0,0,0,0,7403733731,0,0,0,0,1,1,0,0,0,0,0,0,0,1
50,0,0,1,0,0,0,0,0,1,0,1,1,0,1,0,1,1,0,0,0,0,7658275260,0,0,0,0,1,1,0,0,0,0,0,0,0,1
51,0,0,1,0,0,0,0,0,1,0,1,1,0,1,0,1,1,0,0,0,0,7658275260,0,0,0,0,1,1,0,0,0,0,0,0,0,1
52,0,1,1,1,0,0,1,0,1,0,0,1,0,0,0,1,1,0,0,0,0,4109645226,0,0,1,1,0,1,0,0,0,0,0,0,0,1
53,0,0,0,0,1,0,0,1,1,0,1,1,0,1,0,1,1,0,0,0,0,5018346273,0,0,0,0,1,1,0,0,0,0,0,0,0,0
54,0,0,0,0,1,0,0,1,1,0,1,1,0,1,0,1,1,0,0,0,0,5018346273,0,0,0,0,1,1,0,0,0,0,0,0,0,0
55,1,1,1,0,1,0,0,1,1,0,1,1,0,0,0,1,0,0,0,0,0,3863302310,0,0,1,1,0,1,0,0,0,0,0,0,0,1
56,1,1,1,0,1,0,0,1,1,0,1,1,0,0,0,1,1,0,0,0,0,3863302310,0,0,1,1,0,1,0,0,0,0,0,0,0,1
57,0,1,0,1,0,0,1,0,1,0,0,1,0,1,0,1,0,0,0,0,0,9105798363,0,0,1,0,0,0,0,0,0,0,0,0,0,0
58,0,1,0,0,1,0,0,1,1,0,1,1,0,1,0,1,0,0,0,0,0,7573213200,0,0,1,0,0,1,0,0,0,0,0,0,0,0
59,0,1,0,0,1,0,0,1,1,0,1,1,0,1,0,1,1,0,0,0,0,7573213200,0,0,1,0,0,1,0,0,0,0,0,0,0,0
60,1,1,1,0,1,1,0,1,1,0,1,1,0,0,0,0,1,0,0,0,0,5178874305,1,0,1,1,0,1,0,0,0,0,0,0,1,1
61,0,1,1,1,0,1,1,0,1,1,0,1,0,0,0,0,1,0,0,0,0,5133210833,1,0,1,1,0,1,0,0,0,0,0,0,0,1
62,0,1,1,1,0,1,1,0,1,1,0,1,0,1,0,1,0,0,0,0,0,5184827964,0,0,1,0,0,1,0,0,0,0,0,0,0,0
63,0,1,1,1,0,1,1,0,1,1,0,1,0,1,0,1,0,0,0,0,0,5184827964,0,0,1,0,0,1,0,0,0,0,0,0,0,0
64,0,1,0,1,0,0,0,0,1,0,0,0,1,1,1,0,0,0,0,0,0,8133463500,1,0,0,0,0,1,0,0,0,0,0,0,0,0
65,0,1,0,1,0,0,0,0,1,0,0,0,1,1,1,0,0,0,0,0,0,8133463500,1,0,0,0,0,1,0,0,0,0,0,0,0,0
66,0,1,1,0,0,0,0,0,1,0,1,0,0,0,1,1,1,0,0,0,0,5624368117,0,0,1,1,0,1,0,0,0,0,0,0,0,0
67,1,1,1,1,0,0,1,0,1,1,0,1,0,0,0,1,1,0,0,0,0,8188905300,0,0,0,1,0,1,0,0,0,0,0,0,0,1
68,0,1,1,1,0,0,1,0,1,0,0,1,0,1,0,0,1,0,0,0,0,4047125287,1,0,0,0,0,1,0,0,0,0,0,0,0,1
69,0,1,1,1,0,0,1,0,1,0,0,1,0,1,0,0,1,0,0,0,0,4047125287,1,0,0,0,0,1,0,0,0,0,0,0,0,1
70,1,1,1,1,0,1,1,0,1,1,0,1,0,1,0,0,1,0,0,0,0,7737740042,1,0,1,0,0,1,0,0,0,0,0,0,0,1
71,1,1,1,1,0,1,1,0,1,1,0,1,0,1,0,0,1,0,0,0,0,7737740042,1,0,1,0,0,1,0,0,0,0,0,0,0,1
72,0,0,0,0,1,1,0,1,1,0,1,1,0,0,0,1,1,0,0,0,0,4403265250,0,0,0,1,1,1,0,0,0,0,0,0,0,0
73,0,0,0,0,0,0,0,0,1,0,0,0,1,1,1,1,0,0,0,0,0,9036145570,0,0,0,0,0,0,0,0,1,0,0,0,0,0
74,0,1,1,0,0,0,0,0,1,0,1,0,0,1,1,0,1,0,0,0,0,8084332620,1,0,1,0,0,1,0,0,0,0,0,0,0,0
75,1,1,1,0,1,0,0,1,1,1,1,1,0,0,0,1,0,0,0,0,0,3232616173,0,0,1,1,0,1,0,0,0,0,0,0,0,1
76,1,1,1,0,1,0,0,1,1,1,1,1,0,0,0,1,1,0,0,0,0,3232616173,0,0,1,1,0,1,0,0,0,0,0,0,0,1
77,1,1,1,1,0,0,1,0,0,0,0,1,0,0,0,0,0,0,0,0,0,3037893000,1,0,1,1,0,1,0,0,0,1,0,0,0,1
78,1,1,1,1,0,0,1,0,0,0,0,1,0,0,0,0,1,0,0,0,0,3037893000,1,0,1,1,0,1,0,0,0,1,0,0,0,1
79,0,1,0,0,0,0,0,0,1,0,1,0,0,1,1,0,1,0,0,0,0,6783850377,1,0,0,0,0,1,0,0,0,0,0,0,0,0
80,0,1,1,1,0,0,0,0,1,0,0,0,1,1,1,1,1,0,0,0,0,2082392571,0,0,1,0,0,1,0,0,0,0,0,0,0,0
81,0,1,1,1,0,0,0,0,1,0,0,0,1,1,1,1,1,0,0,0,0,2082392571,0,0,1,0,0,1,0,0,0,0,0,0,0,0
82,1,1,1,1,0,0,1,0,1,0,0,1,0,0,0,0,1,0,0,0,0,8453586266,1,0,1,1,0,1,0,0,0,0,0,0,0,1
83,0,1,1,1,0,0,1,0,1,0,0,1,0,1,0,0,0,0,0,0,0,6785815252,1,0,1,0,0,1,0,0,0,0,0,0,0,1
84,0,1,1,0,0,0,0,0,1,0,1,0,0,1,1,0,0,0,0,0,0,7814498161,1,0,1,0,0,1,0,0,0,0,0,0,0,1
85,1,1,1,1,0,0,1,0,1,0,0,1,0,0,0,0,0,0,0,0,0,7324555800,1,0,1,0,0,1,0,0,0,0,0,0,0,1
86,1,1,0,1,0,1,1,0,1,1,0,1,0,1,0,1,1,0,0,0,0,3133433978,0,0,1,0,0,1,0,0,0,0,0,0,0,1
87,1,1,0,1,0,1,1,0,1,1,0,1,0,1,0,1,1,0,0,0,0,3133433978,0,0,1,0,0,1,0,0,0,0,0,0,0,1
88,0,0,0,0,1,0,0,1,1,0,1,1,0,1,0,1,1,0,0,0,0,3057050345,0,0,0,0,1,1,0,0,0,0,0,0,0,0
89,0,0,0,0,1,0,0,1,1,0,1,1,0,1,0,1,1,0,0,0,0,3057050345,0,0,0,0,1,1,0,0,0,0,0,0,0,0
90,0,0,0,0,0,0,0,0,1,0,0,0,0,1,1,1,1,0,0,0,0,2149212153,0,0,0,0,0,0,0,1,0,0,0,0,1,0
91,0,0,0,0,0,0,0,0,1,0,0,0,0,1,1,1,1,0,0,0,0,2149212153,0,0,0,0,0,0,0,1,0,0,0,0,1,0
92,1,1,1,0,0,0,0,0,1,0,1,1,0,0,0,1,1,0,0,0,0,5097838500,0,0,1,1,0,1,0,0,0,0,0,0,0,1
93,1,1,1,0,0,0,0,0,1,0,1,1,0,0,0,1,1,0,0,0,0,5097838500,0,0,1,1,0,1,0,0,0,0,0,0,0,1
94,1,0,0,0,0,0,0,0,1,0,1,1,0,1,0,1,0,0,0,0,0,7574523479,0,0,0,0,1,1,0,0,0,0,0,0,0,1
95,1,0,0,0,0,0,0,0,1,0,1,1,0,1,0,1,1,0,0,0,0,7574523479,0,0,0,0,1,1,0,0,0,0,0,0,0,1
96,0,1,1,0,1,0,0,1,1,0,1,1,0,1,0,1,0,0,0,0,0,7043411122,0,0,1,0,0,1,0,0,0,0,0,0,0,0
97,0,1,1,0,1,0,0,1,1,0,1,1,0,1,0,1,1,0,0,0,0,7043411122,0,0,1,0,0,1,0,0,0,0,0,0,0,0
98,0,1,1,0,0,0,0,0,0,0,1,0,0,1,1,0,0,0,0,0,0,6509951283,1,0,1,0,0,1,0,0,0,0,0,1,0,1
99,1,1,1,0,1,0,0,1,1,0,1,1,0,1,0,1,0,0,0,0,0,7347691452,0,0,0,0,0,1,0,0,0,0,0,0,1,1
100,0,0,0,0,0,0,0,0,1,0,0,0,0,1,1,1,1,0,0,0,0,5136863263,0,0,0,0,0,0,0,1,0,0,0,0,0,0
101,0,0,0,0,0,0,0,0,1,0,0,0,0,1,1,1,1,0,0,0,0,5136863263,0,0,0,0,0,0,0,1,0,0,0,0,0,0
102,0,1,1,0,1,1,0,1,1,1,1,1,0,1,0,0,1,0,0,0,0,9122871297,1,0,0,0,0,1,0,0,0,0,0,0,0,1
103,0,1,1,0,1,1,0,1,1,1,1,1,0,1,0,0,1,0,0,0,0,9122871297,1,0,0,0,0,1,0,0,0,0,0,0,0,1
104,0,0,0,1,0,0,1,0,1,0,0,1,0,1,0,1,0,0,0,0,0,8043643528,0,0,0,0,1,1,0,0,0,0,0,0,0,0
105,0,0,0,1,0,0,1,0,1,0,0,1,0,1,0,1,1,0,0,0,0,8043643528,0,0,0,0,1,1,0,0,0,0,0,0,0,0
106,0,1,0,1,0,0,1,0,1,0,0,1,0,0,0,1,0,0,0,0,0,6177829210,0,0,0,1,0,1,0,0,0,0,0,0,0,0
107,1,1,1,1,0,0,1,0,1,0,0,1,0,0,0,0,0,0,0,0,0,6104977700,1,0,1,1,0,1,0,0,0,0,0,0,0,1
108,0,0,1,1,0,0,1,0,1,0,0,1,0,1,0,1,0,0,0,0,0,7158338549,0,0,0,0,1,1,0,0,0,0,0,0,0,1
109,0,0,0,0,1,0,0,1,1,0,1,1,0,1,0,1,0,0,0,0,0,4134422402,0,0,0,0,1,1,0,0,0,0,0,0,0,0
110,0,0,0,0,1,0,0,1,1,0,1,1,0,1,0,1,1,0,0,0,0,4134422402,0,0,0,0,1,1,0,0,0,0,0,0,0,0
111,0,0,0,0,0,0,0,0,1,0,1,1,0,1,0,1,0,0,0,0,0,8189921166,0,0,0,0,1,1,0,0,0,0,0,0,0,0
112,0,0,1,0,0,1,0,0,1,0,1,0,0,1,1,1,1,0,0,0,0,7878833739,0,0,0,0,1,1,0,0,0,0,0,0,0,1
113,0,0,1,0,0,1,0,0,1,0,1,0,0,1,1,1,1,0,0,0,0,7878833739,0,0,0,0,1,1,0,0,0,0,0,0,0,1
114,0,1,1,0,0,0,0,0,1,0,1,1,0,1,0,1,0,0,0,0,0,4109557095,0,0,0,0,0,1,0,0,0,0,0,0,0,0
115,0,1,1,0,0,0,0,0,1,0,1,1,0,1,0,1,1,0,0,0,0,4109557095,0,0,0,0,0,1,0,0,0,0,0,0,0,0
116,0,0,0,0,0,0,0,0,1,0,0,0,1,1,1,1,1,0,0,0,0,3179443889,0,0,1,0,0,0,0,0,1,0,0,0,0,0
117,0,0,0,1,0,0,1,0,1,1,0,1,0,0,0,0,0,0,0,0,0,9518491543,1,0,0,1,1,1,0,0,0,0,0,0,0,0
118,0,1,0,1,0,0,1,0,1,0,0,1,0,0,0,0,1,0,0,0,0,8478825900,1,0,1,1,0,1,0,0,0,0,0,0,0,0
119,1,1,1,0,1,0,0,1,1,0,1,1,0,1,0,0,1,0,0,0,0,6368960600,1,0,1,0,0,1,0,0,0,0,0,0,0,1
120,1,1,1,0,1,0,0,1,1,0,1,1,0,1,0,0,1,0,0,0,0,6368960600,1,0,1,0,0,1,0,0,0,0,0,0,0,1
121,1,1,1,1,0,1,1,0,1,1,0,1,0,1,0,1,0,0,0,0,0,5629079178,0,0,1,0,0,1,0,0,0,0,0,0,0,1
122,1,1,1,1,0,1,1,0,1,1,0,1,0,1,0,1,0,0,0,0,0,5629079178,0,0,1,0,0,1,0,0,0,0,0,0,0,1
123,0,1,0,1,0,0,1,0,1,0,0,0,0,0,0,1,0,0,0,0,0,4349242465,0,0,1,1,0,1,0,0,0,0,0,0,0,0
124,0,1,1,1,0,0,0,0,1,0,0,0,1,1,1,1,1,0,0,0,0,4083588434,0,0,1,0,0,1,0,0,0,0,0,0,0,0
125,0,1,1,0,0,0,0,0,1,0,1,1,0,0,0,0,0,0,0,0,0,3126955620,1,0,1,1,0,1,0,0,0,0,0,0,0,1
126,1,1,1,1,0,0,1,0,1,1,0,1,0,1,0,1,1,0,0,0,0,3237555500,0,0,1,0,0,1,0,0,0,0,0,0,0,1
127,1,1,1,1,0,0,1,0,1,0,0,1,0,1,0,0,1,0,0,0,0,2818762500,1,0,1,0,0,1,0,0,0,0,0,0,0,1
128,1,1,1,1,0,0,1,0,1,0,0,1,0,1,0,0,0,0,0,0,0,2818762500,1,0,1,0,0,1,0,0,0,0,0,0,0,1
129,0,1,1,1,0,0,1,0,1,1,0,1,0,1,0,0,0,0,0,0,0,8054340876,1,0,1,0,0,1,0,0,0,0,0,0,0,1
130,0,1,1,1,0,0,1,0,1,1,0,1,0,1,0,0,0,0,0,0,0,8054340876,1,0,1,0,0,1,0,0,0,0,0,0,0,1
131,0,1,1,1,0,0,1,0,1,0,0,1,0,0,0,0,1,0,0,0,0,7029522140,1,0,1,1,0,1,0,0,0,0,0,0,0,1
132,0,1,1,1,0,0,1,0,1,0,0,1,0,0,0,0,1,0,0,0,0,7029522140,1,0,1,1,0,1,0,0,0,0,0,0,0,1
133,1,1,1,1,0,0,1,0,1,0,0,1,0,0,0,1,1,0,0,0,0,5628620804,0,0,1,1,0,1,0,0,0,0,0,0,0,1
134,1,1,1,1,0,0,1,0,1,0,0,1,0,0,0,1,0,0,0,0,0,5628620804,0,0,1,1,0,1,0,0,0,0,0,0,0,1
135,1,1,1,1,0,0,1,0,1,0,0,1,0,0,0,1,0,0,0,0,0,8144532777,0,0,1,1,0,1,0,0,0,0,0,0,0,1
136,1,1,1,1,0,0,1,0,1,0,0,1,0,1,0,0,1,0,0,0,0,4047782020,1,0,1,0,0,1,0,0,0,0,0,0,0,1
137,1,1,1,1,0,0,1,0,1,0,0,1,0,1,0,0,1,0,0,0,0,4047782020,1,0,1,0,0,1,0,0,0,0,0,0,0,1
138,1,1,1,0,0,0,0,0,1,0,1,1,0,1,0,1,0,0,0,0,0,9167811811,0,0,1,0,0,1,0,0,0,0,0,0,0,1
139,1,1,1,0,0,0,0,0,1,0,1,1,0,1,0,1,1,0,0,0,0,9167811811,0,0,1,0,0,1,0,0,0,0,0,0,0,1
140,1,1,1,1,0,0,1,0,1,0,0,1,0,1,0,1,0,0,0,0,0,9403233450,0,0,1,0,0,1,0,0,0,0,0,0,0,1
141,1,1,1,1,0,0,1,0,1,0,0,1,0,1,0,1,0,0,0,0,0,9403233450,0,0,1,0,0,1,0,0,0,0,0,0,0,1
142,0,0,0,0,0,1,0,0,0,0,0,0,1,1,1,0,1,0,0,0,0,5095887613,1,0,0,0,0,0,0,0,1,1,0,0,0,0
143,0,1,1,1,0,0,1,0,1,0,0,0,0,0,0,1,0,0,0,0,0,5596382600,0,0,1,1,0,1,0,0,0,0,0,0,0,1
144,0,1,1,1,0,0,1,0,1,0,0,0,0,0,0,1,1,0,0,0,0,5596382600,0,0,1,1,0,1,0,0,0,0,0,0,0,1
145,1,1,1,1,0,1,1,0,0,1,0,1,0,0,0,0,1,0,0,0,0,9495594480,1,0,0,1,0,1,0,0,0,1,0,0,0,1
146,1,1,1,1,0,1,1,0,0,1,0,1,0,0,0,0,0,0,0,0,0,9495594480,1,0,0,1,0,1,0,0,0,1,0,0,0,1
147,1,1,1,0,1,1,0,1,1,1,1,1,0,0,0,1,1,0,0,0,0,4408453940,0,0,0,1,0,1,0,0,0,0,0,0,0,1
148,1,1,1,0,1,1,0,1,1,1,1,1,0,0,0,1,0,0,0,0,0,4408453940,0,0,0,1,0,1,0,0,0,0,0,0,0,1
149,0,0,0,0,1,0,0,1,1,0,1,1,0,1,0,1,0,0,0,0,0,2538414375,0,0,0,0,1,1,0,0,0,0,0,0,0,0
150,0,0,0,0,1,0,0,1,1,0,1,1,0,1,0,1,0,0,0,0,0,2538414375,0,0,0,0,1,1,0,0,0,0,0,0,0,0
151,0,1,0,0,0,0,0,0,1,0,1,1,0,1,0,0,0,0,0,0,0,2105956790,1,0,1,0,0,1,0,0,0,0,0,0,0,0
152,0,1,0,0,1,1,0,1,1,0,1,1,0,0,0,1,0,0,0,0,0,5033704950,0,0,1,1,0,1,0,0,0,0,0,0,0,0
153,0,1,0,0,1,1,0,1,1,0,1,1,0,0,0,1,1,0,0,0,0,5033704950,0,0,1,1,0,1,0,0,0,0,0,0,0,0
154,0,1,0,0,1,0,0,1,1,0,1,1,0,1,0,1,1,0,0,0,0,9317293573,0,0,0,0,0,1,0,0,0,0,0,0,0,0
155,0,1,0,0,1,0,0,1,1,0,1,1,0,1,0,1,0,0,0,0,0,9317293573,0,0,0,0,0,1,0,0,0,0,0,0,0,0
156,1,1,1,0,0,0,0,0,1,0,1,1,0,1,0,0,1,0,0,0,0,8183643001,1,0,0,0,0,1,0,0,0,0,0,0,0,1
157,1,1,1,0,0,0,0,0,1,0,1,1,0,1,0,0,1,0,0,0,0,8183643001,1,0,0,0,0,1,0,0,0,0,0,0,0,1
158,1,1,1,0,0,0,0,0,1,1,1,1,0,0,0,1,1,0,0,0,0,6617258693,0,0,0,1,0,1,0,0,0,0,0,0,0,1
159,0,1,1,0,0,0,0,0,1,0,1,1,0,1,0,1,1,0,0,0,0,3105435878,0,0,1,0,0,1,0,0,0,0,0,0,1,1
160,0,1,1,1,0,0,1,0,1,0,0,1,0,0,0,0,0,0,0,0,0,5032221615,1,0,1,1,0,1,0,0,0,0,0,0,0,0
161,0,1,1,1,0,0,1,0,1,0,0,1,0,0,0,0,1,0,0,0,0,5032221615,1,0,1,1,0,1,0,0,0,0,0,0,0,0
162,1,1,1,1,0,1,1,0,1,1,0,1,0,1,0,1,0,0,0,0,0,2032352505,0,0,0,0,0,1,0,0,0,0,0,0,0,1
163,1,1,1,1,0,1,1,0,1,1,0,1,0,1,0,1,0,0,0,0,0,2032352505,0,0,0,0,0,1,0,0,0,0,0,0,0,1
164,0,1,0,0,0,0,0,0,1,0,1,1,0,1,0,1,0,0,0,0,0,5086550636,0,0,0,0,0,1,0,0,0,0,0,0,0,0
165,0,1,0,0,0,0,0,0,1,0,1,1,0,1,0,1,1,0,0,0,0,5086550636,0,0,0,0,0,1,0,0,0,0,0,0,0,0
166,0,0,0,0,1,0,0,1,1,0,1,0,0,1,1,1,1,0,0,0,0,9544265553,0,0,0,0,1,1,0,0,0,0,0,0,0,1
167,0,0,0,0,1,0,0,1,1,0,1,0,0,1,1,1,0,0,0,0,0,9544265553,0,0,0,0,1,1,0,0,0,0,0,0,0,1
168,0,0,0,0,1,0,0,1,1,0,1,1,0,1,0,1,0,0,0,0,0,8477464538,0,0,0,0,1,1,0,0,0,0,0,0,0,0
169,0,0,0,0,1,0,0,1,1,0,1,1,0,1,0,1,0,0,0,0,0,8477464538,0,0,0,0,1,1,0,0,0,0,0,0,0,0
170,0,1,1,0,1,0,0,1,1,0,1,0,0,1,1,1,0,0,0,0,0,4056319315,0,0,1,0,0,1,0,0,0,0,0,0,0,0
171,0,1,1,0,1,0,0,1,1,0,1,0,0,1,1,1,0,0,0,0,0,4056319315,0,0,1,0,0,1,0,0,0,0,0,0,0,0
172,1,1,1,0,1,1,0,1,1,1,1,1,0,0,0,1,1,0,0,0,0,8063581671,0,0,0,1,0,1,0,0,0,0,0,0,0,1
173,0,1,0,0,0,0,0,0,1,0,1,0,0,1,1,1,1,0,0,0,0,7147920022,0,0,1,0,0,1,0,0,0,0,0,0,0,0
174,1,1,1,0,0,0,0,0,1,0,1,1,0,1,0,0,0,0,0,0,0,8567954330,1,0,1,0,0,1,0,0,0,0,0,0,0,1
175,1,0,1,1,0,0,1,0,1,0,0,1,0,0,0,1,1,0,0,0,0,2172559700,0,0,0,1,1,1,0,0,0,0,0,0,0,1
176,0,1,1,1,0,0,1,0,1,0,0,0,0,0,1,1,0,0,0,0,0,4052715700,0,0,1,1,0,1,0,0,0,0,0,0,0,0
177,1,1,0,1,0,1,1,0,1,1,0,1,0,1,0,0,1,0,0,0,0,6314251000,1,0,1,0,0,1,0,0,0,0,0,0,0,1
178,0,1,0,1,0,0,1,0,1,0,0,1,0,0,0,0,0,0,0,0,0,6309337400,1,0,1,1,0,1,0,0,0,0,0,0,0,0
179,1,1,1,1,0,1,1,0,1,1,0,1,0,0,0,1,1,0,0,0,0,5044561999,0,0,1,1,0,1,0,0,0,0,0,0,0,1
180,0,1,0,1,0,0,1,0,1,0,0,1,0,1,0,0,1,0,0,0,0,9287883333,1,0,1,0,0,1,0,0,0,0,0,0,0,0
181,1,1,0,1,0,0,1,0,1,0,0,1,0,0,0,0,1,0,0,0,0,9134514443,1,0,1,1,0,1,0,0,0,0,0,0,0,1
182,1,1,1,0,0,0,0,0,1,0,1,1,0,1,0,1,1,0,0,0,0,9546595671,0,0,1,0,0,1,0,0,0,0,0,0,0,1
183,1,1,1,1,0,0,1,0,1,0,0,1,0,0,0,1,1,0,0,0,0,2483380300,0,0,0,1,0,1,0,0,0,0,0,0,0,1
184,1,1,1,1,0,0,1,0,1,0,0,1,0,1,0,0,0,0,0,0,0,6177892045,1,0,1,0,0,1,0,0,0,0,0,0,0,1
185,1,1,1,1,0,1,1,0,0,1,0,1,0,0,0,0,0,0,0,0,0,7136910432,1,0,0,1,0,1,0,0,0,1,0,0,0,1
186,0,1,1,1,0,0,1,0,1,0,0,1,0,0,0,1,0,0,0,0,0,7067216597,0,0,0,1,0,1,0,0,0,0,0,0,0,1
187,1,1,1,1,0,0,1,0,0,0,0,1,0,1,0,0,1,0,0,0,0,8508971824,1,0,1,0,0,1,0,0,0,1,0,0,0,1
188,1,1,1,1,0,0,1,0,1,0,0,1,0,1,0,0,1,0,0,0,0,9155917704,1,0,1,0,0,1,0,0,0,0,0,0,1,1
189,0,1,0,1,0,1,1,0,0,1,0,1,0,0,0,0,0,0,0,0,0,2058368691,1,0,0,1,0,1,0,0,0,1,0,0,0,0
190,0,0,1,0,0,0,0,0,1,0,1,0,0,1,1,1,1,0,0,0,0,5859225067,0,0,0,0,0,1,0,0,0,0,0,0,0,0
191,0,1,1,1,0,0,1,0,0,0,0,1,0,0,0,0,1,0,0,0,0,9786892247,1,0,1,1,0,1,0,0,0,1,0,0,0,1
192,0,1,0,1,0,0,1,0,0,0,0,1,0,1,0,0,0,0,0,0,0,7177912520,1,1,1,0,0,1,0,0,0,1,0,0,0,0
193,0,1,1,1,0,0,0,0,1,0,0,0,1,1,1,0,1,0,0,0,0,8148892020,1,0,0,0,0,1,0,0,0,0,0,0,0,0
194,0,1,0,1,0,1,1,0,0,1,0,1,0,0,0,0,0,0,0,0,0,2813251005,1,0,0,1,0,1,0,0,0,1,0,0,0,0
195,0,1,1,0,0,0,0,0,1,0,1,1,0,1,0,1,0,0,0,0,0,2122635666,0,0,1,0,0,1,0,0,0,0,0,0,0,1
196,0,1,1,1,0,0,1,0,1,0,0,1,0,0,0,0,1,0,0,0,0,2095775557,1,0,1,1,0,1,0,0,0,0,0,0,0,0
197,1,1,0,1,0,0,1,0,1,0,0,1,0,1,0,0,0,0,0,0,0,6318470200,1,0,1,0,0,1,0,0,0,0,0,0,0,1
198,0,1,1,0,0,0,0,0,1,0,1,0,0,1,1,0,0,0,0,0,0,6152225911,1,0,1,0,0,1,0,0,0,0,0,0,0,0
199,0,1,0,1,0,0,1,0,1,0,0,1,0,0,0,0,1,0,0,0,0,8173362100,1,0,1,1,0,1,0,0,0,0,0,0,0,0
200,0,0,1,1,0,0,1,0,1,0,0,1,0,0,0,0,0,0,0,0,0,6103764841,1,0,0,1,1,1,0,0,0,0,0,0,0,1
201,0,1,1,1,0,0,1,0,0,0,0,1,0,0,0,0,0,0,0,0,0,5123921700,1,1,1,1,0,1,0,0,0,1,0,0,0,1
202,1,1,1,1,0,0,1,0,1,0,0,1,0,0,0,1,1,0,0,0,0,3304549126,0,0,1,1,0,1,0,0,0,0,0,0,0,1
203,1,1,1,1,0,0,1,0,1,0,0,1,0,0,0,0,0,0,0,0,0,3106597878,1,0,1,1,0,1,0,0,0,0,0,0,0,1
204,0,1,1,1,0,0,1,0,1,0,0,0,0,1,1,1,1,0,0,0,0,7753564040,0,0,1,0,0,1,0,0,0,0,0,0,0,0
205,1,1,1,1,0,0,1,0,1,1,0,1,0,0,0,0,1,0,0,0,0,9419539080,1,0,1,1,0,1,0,0,0,0,0,0,0,1
206,1,1,1,0,0,0,0,0,1,0,1,1,0,0,0,1,0,0,0,0,0,8437777603,0,0,0,1,0,1,0,0,0,0,0,0,0,1
207,0,1,0,0,0,0,0,0,1,0,1,0,0,1,1,0,0,0,0,0,0,5187939424,1,0,1,0,0,1,0,0,0,0,0,0,0,0
208,0,1,0,0,0,0,0,0,1,0,1,1,0,0,0,0,0,0,0,0,0,4794634444,1,0,1,1,0,0,0,0,0,0,0,0,0,0
209,1,0,1,1,0,0,1,0,1,0,0,1,0,0,0,1,0,0,0,0,0,7753291717,0,0,0,1,1,1,0,0,0,0,0,0,0,1
210,1,1,1,1,0,0,1,0,1,0,0,1,0,0,0,0,0,0,0,0,0,7042769200,1,0,1,1,0,1,0,0,0,0,0,0,0,1
211,1,1,1,0,0,0,0,0,0,0,1,1,0,0,0,0,1,0,0,0,0,2062236831,1,1,1,1,0,1,0,0,0,1,0,0,1,1
212,1,1,1,1,0,0,1,0,1,0,0,1,0,0,0,0,1,0,0,0,0,6083642204,1,0,1,1,0,1,0,0,0,0,0,0,1,1
213,1,1,1,0,0,0,0,0,1,0,1,1,0,1,0,0,1,0,0,0,0,6469624900,1,0,1,0,0,1,0,0,0,0,0,0,0,1
214,0,1,1,1,0,0,1,0,0,0,0,1,0,1,0,0,1,0,0,0,0,2815012841,1,0,1,0,0,1,0,0,0,1,0,0,0,0
215,1,0,1,0,0,1,0,0,1,0,1,1,0,0,0,0,1,0,0,0,0,3106570367,1,0,0,1,1,1,0,0,0,0,0,0,0,1
216,1,1,1,1,0,0,1,0,1,0,0,1,0,1,0,0,0,0,0,0,0,2562132229,1,0,1,0,0,1,0,0,0,0,0,0,0,1
217,0,1,0,1,0,0,1,0,1,0,0,1,0,0,0,0,1,0,0,0,0,4809945012,1,0,1,1,0,1,0,0,0,0,0,0,0,0
218,1,1,1,1,0,0,1,0,1,0,0,1,0,0,0,1,1,0,0,0,0,5152244993,0,0,1,1,0,1,0,0,0,0,0,0,1,1
219,1,1,0,1,0,0,1,0,1,0,0,1,0,0,0,0,0,0,0,0,0,7035343900,1,0,1,1,0,1,0,0,0,0,0,0,0,1
220,1,1,1,1,0,1,1,0,0,1,0,1,0,1,0,0,0,0,0,0,0,3052734777,1,0,1,0,0,1,0,0,0,1,0,0,0,1
221,1,1,1,1,0,0,1,0,1,0,0,1,0,0,0,0,0,0,0,0,0,8504166020,1,0,1,1,0,1,0,0,0,0,0,0,0,1
222,0,1,1,0,0,0,0,0,1,0,1,1,0,1,0,1,1,0,0,0,0,7042953311,0,0,1,0,0,1,0,0,0,0,0,0,1,1
223,1,1,1,0,0,0,0,0,0,0,1,1,0,0,0,0,0,0,0,0,0,7819336236,1,0,1,1,0,1,0,0,0,1,0,0,0,1
224,0,1,1,0,0,0,0,0,1,0,1,1,0,0,0,1,0,0,0,0,0,3103748191,0,0,0,1,0,1,0,0,0,0,0,0,0,1
225,1,1,1,0,0,0,0,0,1,0,1,1,0,0,0,1,0,0,0,0,0,2183335000,0,0,1,1,0,1,0,0,0,0,0,0,0,1
226,0,1,0,1,0,0,1,0,1,0,0,1,0,1,0,0,0,0,0,0,0,7195438711,1,0,1,0,0,1,0,0,0,0,0,0,0,1
227,0,1,0,1,0,0,1,0,1,0,0,1,0,0,0,0,1,0,0,0,0,5087583781,1,0,1,1,0,1,0,0,0,0,0,0,0,0
228,1,0,1,1,0,0,1,0,1,0,0,1,0,0,0,0,1,0,0,0,0,8642424840,1,0,0,1,1,1,0,0,0,0,0,0,0,1
229,1,1,1,1,0,0,1,0,0,0,0,1,0,0,0,0,1,0,0,0,0,7737610300,1,0,0,1,0,1,0,0,0,1,0,0,0,1
230,1,1,1,1,0,0,1,0,0,0,0,1,0,0,0,0,0,0,0,0,0,6103371580,1,0,0,1,0,1,0,0,0,1,0,0,0,1
231,1,1,1,1,0,0,1,0,1,0,0,1,0,1,0,1,0,0,0,0,0,8144716595,0,0,1,0,0,1,0,0,0,0,0,0,0,1
232,1,1,1,1,0,1,1,0,0,1,0,1,0,0,0,0,0,0,0,0,0,6267950411,1,0,1,1,0,1,0,0,0,1,0,0,0,1
233,0,1,0,0,0,0,0,0,1,0,1,0,0,1,1,0,1,0,0,0,0,5757841104,1,0,0,0,0,1,0,0,0,0,0,0,0,1
234,0,1,0,0,0,1,0,0,1,0,1,1,0,1,0,1,1,0,0,0,0,3036293762,0,0,1,0,0,1,0,0,0,0,0,0,0,0
235,0,1,1,1,0,0,1,0,1,0,0,0,0,1,1,0,1,0,0,0,0,8043238900,1,0,1,0,0,1,0,0,0,0,0,0,0,1
236,0,1,1,1,0,0,1,0,1,0,0,1,0,1,0,0,1,0,0,0,0,9043633166,1,0,1,0,0,1,0,0,0,0,0,0,0,0
237,0,1,0,0,1,0,0,1,1,1,1,1,0,0,0,1,1,0,0,0,0,8138754375,0,0,0,1,0,0,0,0,0,0,0,0,0,0
238,0,1,0,1,0,0,1,0,1,0,0,1,0,0,0,0,0,0,0,0,0,2157817000,1,0,0,0,0,1,0,0,0,0,0,0,0,0
239,0,1,0,0,1,0,0,1,1,0,1,0,0,1,1,1,1,0,0,0,0,6022431746,0,0,1,0,0,1,0,0,0,0,0,0,0,0
240,0,1,1,1,0,1,1,0,1,1,0,1,0,1,0,0,0,0,0,0,0,2017966600,1,0,1,0,0,1,0,0,0,0,0,0,0,1
241,0,1,0,0,0,0,0,0,1,0,1,0,0,1,1,1,1,0,0,0,0,9702232272,0,0,0,0,0,1,0,0,0,0,0,0,0,0
242,0,1,0,1,0,0,1,0,1,0,0,1,0,0,0,1,1,0,0,0,0,4063274685,0,0,1,1,0,0,0,0,0,0,0,0,0,0
243,1,1,1,1,0,1,1,0,1,1,0,1,0,0,0,1,0,0,0,0,0,2127255744,0,0,1,1,0,1,0,0,0,0,0,0,0,1
244,0,1,1,1,0,0,1,0,1,0,0,1,0,1,0,1,0,0,0,0,0,8144590585,0,0,0,0,0,1,0,0,0,0,0,0,0,0
245,0,1,0,0,0,0,0,0,1,0,1,0,0,1,1,0,1,0,0,0,0,2817841111,1,0,1,0,0,0,0,0,0,0,0,0,0,0
246,1,1,1,0,0,0,0,0,1,0,1,1,0,0,0,1,1,0,0,0,0,3033997999,0,0,1,1,0,1,0,0,0,0,0,0,0,1
247,0,1,1,0,0,0,0,0,1,0,1,0,0,1,1,1,1,0,0,0,0,3018771570,0,0,1,0,0,1,0,0,0,0,0,0,0,1
248,1,1,1,1,0,0,1,0,1,0,0,1,0,0,0,0,0,0,0,0,0,3107690561,1,0,1,1,0,1,0,0,0,0,0,0,0,1
249,0,0,0,0,0,0,0,0,1,0,1,0,0,1,1,1,1,0,0,0,0,3233612153,0,0,1,0,1,0,0,0,0,0,0,0,0,0
250,0,1,1,1,0,0,0,0,1,0,0,0,1,1,1,1,1,0,0,0,0,4148050532,0,0,0,0,0,1,0,0,0,0,0,0,0,1
251,1,1,1,0,0,0,0,0,1,0,1,1,0,1,0,0,0,0,0,0,0,8185523110,1,0,0,0,0,1,0,0,0,0,0,0,0,1
252,1,1,1,1,0,1,1,0,1,1,0,1,0,1,0,1,0,0,0,0,0,7602563568,0,0,1,0,0,1,0,0,0,0,0,0,0,1
253,0,1,0,0,1,0,0,1,1,0,1,0,0,1,1,0,1,0,0,0,0,2122170525,1,0,0,0,0,1,0,0,0,0,0,0,0,0
254,1,1,1,0,0,0,0,0,1,1,1,1,0,0,0,1,0,0,0,0,0,9365826000,0,0,0,1,0,1,0,0,0,0,0,0,0,1
255,1,1,1,0,0,0,0,0,1,0,1,1,0,0,0,1,0,0,0,0,0,4042527339,0,0,0,1,0,1,0,0,0,0,0,0,0,1
256,0,1,1,1,0,0,0,0,1,0,0,0,1,1,1,1,1,0,0,0,0,7136204100,0,0,0,0,0,1,0,0,0,0,0,0,0,0
257,0,1,1,1,0,0,1,0,1,0,0,1,0,0,0,1,1,0,0,0,0,5206266254,0,0,1,1,0,1,0,0,0,0,0,0,0,0
258,1,1,1,1,0,0,1,0,1,0,0,1,0,0,0,0,0,0,0,0,0,6788728750,1,0,1,1,0,1,0,0,0,0,0,0,0,1
259,0,1,0,1,0,0,1,0,1,0,0,1,0,0,0,1,0,0,0,0,0,8185562700,0,0,1,1,0,1,0,0,0,0,0,0,0,0
260,0,1,0,0,1,0,0,1,1,0,1,1,0,1,0,1,1,0,0,0,0,7279388806,0,0,1,0,0,1,0,0,0,0,0,0,0,0
261,0,1,1,1,0,0,1,0,1,0,0,1,0,0,0,1,0,0,0,0,0,8182448161,0,0,0,1,0,1,0,0,0,0,0,0,0,1
262,0,0,1,0,0,0,0,0,1,0,1,1,0,1,0,0,0,0,0,0,0,3042348452,1,0,0,0,1,1,0,0,0,0,0,0,0,1
263,0,1,0,0,0,0,0,0,1,0,1,0,0,1,1,1,1,0,0,0,0,4097271717,0,0,0,0,0,1,0,0,0,0,0,0,0,0
264,0,1,1,1,0,0,1,0,1,0,0,1,0,0,0,0,0,0,0,0,0,5407766300,1,0,1,1,0,1,0,0,0,0,0,0,0,1
265,0,1,1,0,0,0,0,0,0,0,1,0,0,1,1,0,1,0,0,0,0,2029943893,1,1,0,0,0,1,0,0,0,1,0,0,0,0
266,0,1,1,1,0,0,1,0,0,0,0,1,0,0,0,0,0,0,0,0,0,3056490010,1,0,0,1,0,1,0,0,0,1,0,0,0,1
267,0,0,0,0,0,1,0,0,1,1,1,1,0,0,0,1,1,0,0,0,0,7704758014,0,0,0,1,1,1,0,0,0,0,0,0,0,0
268,0,1,0,0,0,0,0,0,1,0,1,0,0,1,1,1,1,0,0,0,0,7635202000,0,0,0,0,0,1,0,0,0,0,0,0,0,0
269,0,0,0,0,0,0,0,0,1,0,0,0,0,1,1,1,1,0,0,0,0,6602848547,0,0,0,0,0,0,0,1,0,0,0,0,0,0
270,0,1,0,1,0,0,0,0,1,0,0,0,1,1,1,1,1,0,0,0,0,3237835051,0,0,0,0,0,0,0,0,0,0,0,0,0,0
271,0,0,1,1,0,0,1,0,1,1,0,1,0,0,0,1,0,0,0,0,0,9414840651,0,0,0,1,1,1,0,0,0,0,0,0,0,1
272,0,1,1,1,0,0,0,0,1,0,0,0,1,1,1,0,1,0,0,0,0,3172787738,1,0,0,0,0,1,0,0,0,0,0,0,0,1
273,1,1,1,0,0,0,0,0,1,0,1,1,0,1,0,0,1,0,0,0,0,9728998240,1,0,1,0,0,1,0,0,0,0,0,0,0,1
274,0,0,1,1,0,0,1,0,1,1,0,1,0,1,0,0,0,0,0,0,0,7185499204,1,0,0,0,1,1,0,0,0,0,0,0,0,0
275,0,0,1,0,0,0,0,0,1,0,1,1,0,1,0,0,1,0,0,0,0,2393433630,1,0,0,0,1,1,0,0,0,0,0,0,0,0
276,1,1,1,0,1,0,0,1,1,0,1,1,0,0,0,0,0,0,0,0,0,3147818405,1,0,1,1,0,1,0,0,0,0,0,0,0,1
277,0,1,0,1,0,0,0,0,1,0,0,0,1,1,1,1,1,0,0,0,0,3237831217,0,0,0,0,0,0,0,0,0,0,0,0,0,0
278,0,1,0,0,0,0,0,0,1,0,1,0,0,1,1,0,1,0,0,0,0,7274373512,1,0,0,0,0,1,0,0,0,0,0,0,0,0
279,0,1,0,0,0,0,0,0,1,0,1,0,0,0,1,1,1,0,0,0,0,5708086026,0,0,0,1,0,1,0,0,0,0,0,0,0,0
280,0,0,1,1,0,0,1,0,0,0,0,1,0,0,0,0,0,0,0,0,0,3052434960,1,0,0,1,1,1,0,0,0,1,0,0,0,1
281,0,1,0,1,0,0,1,0,1,0,0,0,0,0,0,0,1,0,0,0,0,5594503109,1,0,1,1,0,0,0,0,0,0,0,0,0,0
282,0,1,1,0,1,1,0,1,1,1,1,1,0,0,0,1,1,0,0,0,0,3168320277,0,0,0,1,0,1,0,0,0,0,0,0,0,0
283,0,0,0,1,0,0,1,0,1,1,0,1,0,1,0,1,1,0,0,0,0,8564146177,0,0,0,0,1,1,0,0,0,0,0,0,0,0
284,0,1,0,1,0,0,0,0,1,0,0,0,1,1,1,1,1,0,0,0,0,3233615603,0,0,1,0,0,0,0,0,0,0,0,0,0,0
285,0,1,0,1,0,0,1,0,1,0,0,1,0,0,0,0,0,0,0,0,0,6103782561,1,0,0,1,0,1,0,0,0,0,0,0,0,0
286,0,1,0,1,0,0,1,0,1,0,0,1,0,1,0,1,0,0,0,0,0,9722555588,0,0,1,0,0,1,0,0,0,0,0,0,0,0
287,0,1,1,0,0,0,0,0,1,0,1,0,0,1,1,0,1,0,0,0,0,3055855640,1,0,0,0,0,1,0,0,0,0,0,0,0,0
288,0,0,0,0,0,0,0,0,0,0,0,0,0,1,1,0,1,0,0,0,0,3107453330,1,0,0,0,0,0,0,1,0,0,1,1,0,0
289,0,1,1,1,0,0,0,0,1,0,0,0,1,1,1,1,1,0,0,0,0,8182953338,0,0,0,0,0,1,0,0,0,0,0,0,0,0
290,1,1,1,1,0,1,1,0,1,1,0,1,0,0,0,1,0,0,0,0,0,6184622359,0,0,1,1,0,1,0,0,0,0,0,0,0,1
291,0,1,1,0,0,0,0,0,1,0,1,1,0,1,0,0,0,0,0,0,0,9196819660,1,0,0,0,0,1,0,0,0,0,0,0,0,0
292,1,1,1,0,1,1,0,1,1,1,1,1,0,0,0,1,0,0,0,0,0,6093902632,0,0,1,1,0,1,0,0,0,0,0,0,0,1
293,0,0,0,0,0,0,0,0,0,0,0,0,0,1,1,1,1,0,0,0,0,6199376370,0,0,0,0,0,0,0,1,0,1,0,0,0,0
294,0,1,1,1,0,0,0,0,1,0,0,0,1,1,1,0,1,0,0,0,0,5207406017,1,0,0,0,0,1,0,0,0,0,0,0,0,0
295,0,0,1,1,0,0,0,0,1,0,0,0,1,0,1,1,1,0,0,0,0,4193350072,0,0,0,1,1,1,0,0,0,0,0,0,0,1
296,0,1,1,1,0,0,1,0,1,0,0,0,0,0,1,1,1,0,0,0,0,3232262622,0,0,1,0,0,1,0,0,0,0,0,0,0,0
297,1,1,1,0,1,1,0,1,1,1,1,1,0,1,0,1,0,0,0,0,0,5755269900,0,0,1,0,0,1,0,0,0,0,0,0,0,1
298,1,1,1,1,0,0,1,0,1,0,0,1,0,0,0,0,0,0,0,0,0,4124713818,1,0,1,1,0,1,0,0,0,0,0,0,0,1
299,0,1,0,1,0,1,1,0,1,1,0,1,0,0,0,0,0,0,0,0,0,9895886153,1,0,1,1,0,1,0,0,0,0,0,0,0,0
300,0,1,0,1,0,0,1,0,0,0,0,1,0,1,0,0,0,0,0,0,0,5139483717,1,1,1,0,0,1,0,0,0,1,0,0,0,0
301,1,1,1,0,1,0,0,1,1,0,1,1,0,1,0,1,0,0,0,0,0,7323816303,0,0,1,0,0,1,0,0,0,0,0,0,0,1
302,0,0,0,0,0,0,0,0,1,0,0,0,1,1,1,1,1,0,0,0,0,8138724992,0,0,0,0,0,0,0,0,1,0,0,0,0,0
303,1,0,1,0,1,0,0,1,0,1,1,1,0,1,0,0,0,0,0,0,0,7602308005,1,0,0,0,1,1,0,0,0,1,0,0,0,1
304,1,1,1,0,0,1,0,0,1,1,1,1,0,1,0,1,1,0,0,0,0,7164330531,0,0,1,0,0,1,0,0,0,0,0,0,0,1
305,0,1,0,0,1,0,0,1,1,0,1,0,0,1,1,1,1,0,0,0,0,5708880955,0,0,1,0,0,0,0,0,0,0,0,0,0,0
306,1,1,1,1,0,1,1,0,1,1,0,1,0,0,0,1,0,0,0,0,0,6265351772,0,0,1,1,0,1,0,0,0,0,0,0,0,1
307,0,0,0,0,1,0,0,1,1,1,1,1,0,1,0,1,0,0,0,0,0,7048253694,0,0,0,0,1,1,0,0,0,0,0,0,0,0
308,0,0,0,0,0,0,0,0,1,0,0,0,0,1,1,1,1,0,0,0,0,5703981000,0,0,0,0,0,0,0,1,0,0,0,0,0,0
309,0,0,0,1,0,0,1,0,1,0,0,1,0,0,0,1,0,0,0,0,0,4126475730,0,0,0,1,1,0,0,0,0,0,0,0,0,0
310,0,1,1,0,0,0,0,0,1,0,1,1,0,1,0,1,0,0,0,0,0,4126926852,0,0,1,0,0,1,0,0,0,0,0,0,0,0
311,0,0,0,0,0,0,0,0,0,0,0,0,0,1,1,0,1,0,0,0,0,8479840585,1,0,0,0,0,0,0,1,0,1,0,0,1,0
312,0,1,0,0,1,0,0,1,1,0,1,1,0,1,0,1,0,0,0,0,0,7025644440,0,0,1,0,0,0,0,0,0,0,0,0,0,0
313,0,1,1,0,0,0,0,0,1,0,1,0,0,1,1,0,1,0,0,0,0,8162711222,1,0,0,0,0,1,0,0,0,0,0,0,0,0
314,1,1,1,0,1,0,0,1,1,0,1,1,0,1,0,1,0,0,0,0,0,4103920723,0,0,1,0,0,1,0,0,0,0,0,0,0,1
315,0,1,0,1,0,0,1,0,1,0,0,1,0,0,0,1,1,0,0,0,0,5706552959,0,0,1,1,0,1,0,0,0,0,0,0,0,0
316,1,1,1,0,0,1,0,0,1,1,1,1,0,1,0,0,0,0,0,0,0,8185281090,1,0,1,0,0,1,0,0,0,0,0,0,0,1
317,0,0,0,0,0,0,0,0,1,0,0,0,0,1,1,1,1,0,0,0,0,4192259210,0,0,0,0,0,0,0,1,0,0,0,0,1,0
318,0,1,0,0,0,0,0,0,1,0,1,0,0,1,1,1,1,0,0,0,0,3128083873,0,0,0,0,0,1,0,0,0,0,0,0,0,0
319,0,0,1,0,1,1,0,1,1,1,1,1,0,0,0,1,0,0,0,0,0,9722641645,0,0,0,1,1,1,0,0,0,0,0,0,0,0
320,0,1,0,1,0,0,0,0,0,0,0,0,1,1,1,0,1,0,0,0,0,4844766421,1,1,1,0,0,0,0,0,0,1,0,0,0,0
321,0,1,0,0,0,0,0,0,1,0,1,0,0,1,1,1,1,0,0,0,0,3232263373,0,0,0,0,0,0,0,0,0,0,0,0,0,0
322,0,1,0,1,0,0,1,0,1,0,0,1,0,1,0,1,0,0,0,0,0,6262898260,0,0,0,0,0,0,0,0,0,0,0,0,0,0
323,0,1,0,0,0,0,0,0,1,0,1,0,0,1,1,0,1,0,0,0,0,3027094497,1,0,1,0,0,0,0,0,0,0,0,0,0,0
324,0,0,0,0,0,0,0,0,1,0,0,0,0,1,1,0,1,0,0,0,0,2129956658,1,0,0,0,0,0,0,1,0,0,0,0,1,0
325,0,0,1,0,1,0,0,1,1,0,1,0,0,1,0,1,1,0,0,0,0,7878546066,0,0,0,0,1,1,0,0,0,0,0,0,0,1
326,0,1,0,0,0,0,0,0,0,0,1,0,0,1,1,0,1,0,0,0,0,4842274280,1,1,1,0,0,0,0,0,0,1,0,0,0,0
327,0,0,0,0,1,0,0,1,0,0,1,1,0,1,0,0,0,0,0,0,0,2672924690,1,0,0,0,1,0,0,0,0,1,0,0,0,0
328,1,1,1,0,1,1,0,1,1,1,1,1,0,1,0,0,0,0,0,0,0,9736809444,1,0,1,0,0,1,0,0,0,0,0,0,1,1
329,0,1,0,1,0,0,0,0,1,0,0,0,1,1,1,0,1,0,0,0,0,8169328211,1,0,1,0,0,0,0,0,0,0,0,0,0,0
330,0,0,1,0,0,0,0,0,0,0,0,0,1,1,1,0,1,0,0,0,0,3138883986,1,0,0,0,0,1,0,0,1,0,1,1,0,1
331,0,0,0,1,0,1,0,0,1,0,0,0,1,1,1,0,1,0,0,0,0,2124234622,1,0,0,0,1,1,0,0,0,0,0,0,0,0
332,0,0,1,0,0,0,0,0,0,0,1,1,0,1,0,0,0,0,0,0,0,9046477196,1,0,0,0,1,1,0,0,0,1,0,0,0,0
333,0,1,1,0,1,1,0,1,1,0,1,1,0,0,0,1,0,0,0,0,0,2127400457,0,0,1,1,0,1,0,0,0,0,0,0,0,1
334,0,1,1,0,0,0,0,0,1,0,1,1,0,0,0,0,0,0,0,0,0,3024284250,1,0,1,1,0,1,0,0,0,0,0,0,0,1
335,0,1,0,0,1,0,0,1,1,0,1,1,0,0,0,1,0,0,0,0,0,7724610820,0,0,1,1,0,1,0,0,0,0,0,0,0,0
336,1,1,1,1,0,0,1,0,1,0,0,1,0,0,0,1,1,0,0,0,0,5862266100,0,0,1,1,0,1,0,0,0,0,0,0,0,1
337,1,1,1,1,0,1,1,0,1,1,0,1,0,0,0,1,0,0,0,0,0,8436691220,0,0,1,1,0,1,0,0,0,0,0,0,0,1
338,1,1,1,0,0,1,0,0,0,0,1,1,0,0,0,0,0,0,0,0,0,2034535235,1,0,1,1,0,1,0,0,0,1,0,0,0,1
339,1,0,1,1,0,1,1,0,1,1,0,1,0,0,0,0,1,0,0,0,0,5044565152,1,0,0,1,1,1,0,0,0,0,0,0,0,1
340,0,1,0,1,0,0,1,0,1,0,0,1,0,0,0,0,1,0,0,0,0,3055950109,1,0,1,1,0,1,0,0,0,0,0,0,0,0
341,1,1,1,1,0,0,1,0,1,0,0,1,0,0,0,0,0,0,0,0,0,8568544524,1,0,1,1,0,1,0,0,0,0,0,0,0,1
342,1,1,1,1,0,0,1,0,1,0,0,1,0,0,0,0,1,0,0,0,0,2032842800,1,0,1,1,0,1,0,0,0,0,0,0,0,1
343,0,1,1,1,0,0,1,0,1,0,0,1,0,0,0,0,0,0,0,0,0,3168662000,1,0,1,1,0,1,0,0,0,0,0,0,0,0
344,1,1,1,1,0,0,1,0,0,0,0,1,0,0,0,0,0,0,0,0,0,5164832020,1,0,1,1,0,1,0,0,0,1,0,0,0,1
345,0,1,1,1,0,0,0,0,1,0,0,0,1,1,1,0,1,0,0,0,0,2486918646,1,0,0,0,0,1,0,0,0,0,0,0,0,0
346,1,1,1,1,0,1,1,0,0,1,0,1,0,1,0,0,0,0,0,0,0,3372343163,1,0,1,0,0,1,0,0,0,1,0,0,0,1
347,1,1,1,1,0,0,1,0,1,0,0,1,0,0,0,1,1,0,0,0,0,4128311320,0,0,1,1,0,1,0,0,0,0,0,0,0,1
348,0,1,0,1,0,0,0,0,1,0,0,0,1,0,1,1,1,0,0,0,0,7347126751,0,0,1,1,0,1,0,0,0,0,0,0,0,0
349,0,1,1,0,0,0,0,0,0,0,1,1,0,1,0,0,0,0,0,0,0,6822001744,1,0,1,0,0,1,0,0,0,1,0,0,0,1
350,0,1,1,1,0,0,1,0,1,0,0,0,0,0,0,0,1,0,0,0,0,8587557337,1,0,1,1,0,1,0,0,0,0,0,0,0,1
351,0,1,1,1,0,0,1,0,1,0,0,1,0,0,0,0,1,0,0,0,0,6512415959,1,0,1,1,0,1,0,0,0,0,0,0,0,1
352,1,1,1,0,0,0,0,0,1,0,1,1,0,1,0,1,1,0,0,0,0,4803016479,0,0,1,0,0,1,0,0,0,0,0,0,0,1
353,1,1,1,1,0,0,1,0,1,0,0,1,0,0,0,0,1,0,0,0,0,2106167700,1,0,1,1,0,1,0,0,0,0,0,0,0,1
354,0,1,0,1,0,1,1,0,1,1,0,0,0,0,1,1,1,0,0,0,0,3172722020,0,0,0,1,0,1,0,0,0,0,0,0,0,0
355,0,0,0,0,0,0,0,0,1,0,1,0,0,1,1,0,1,0,0,0,0,4806841360,1,0,0,0,1,1,0,0,0,0,0,0,0,0
356,1,0,1,1,0,0,1,0,0,0,0,1,0,0,0,0,0,0,0,0,0,7652891011,1,0,0,1,1,1,0,0,0,1,0,0,0,1
357,1,1,1,1,0,0,1,0,1,0,0,1,0,0,0,1,1,0,0,0,0,5618334022,0,0,0,1,0,1,0,0,0,0,0,0,0,1
358,0,1,1,1,0,0,0,0,1,0,0,0,1,1,1,0,1,0,0,0,0,8169323679,1,0,1,0,0,1,0,0,0,0,0,0,0,0
359,1,1,1,1,0,0,1,0,1,0,0,1,0,1,0,0,1,0,0,0,0,2032709000,1,0,1,0,0,1,0,0,0,0,0,0,0,1
360,1,1,1,1,0,0,1,0,1,0,0,1,0,0,0,1,0,0,0,0,0,7195929890,0,0,1,1,0,1,0,0,0,0,0,0,0,1
361,0,1,1,0,0,0,0,0,0,0,1,1,0,0,0,0,0,0,0,0,0,4056102400,1,0,1,1,0,1,0,0,0,1,0,0,0,0
362,1,1,1,0,0,1,0,0,0,1,1,1,0,1,0,0,0,0,0,0,0,4806640125,1,0,1,0,0,1,0,0,0,1,0,0,0,1
363,1,1,1,1,0,1,1,0,1,1,0,1,0,0,0,0,0,0,0,0,0,4196965555,1,0,1,1,0,1,0,0,0,0,0,0,0,1
364,1,1,1,1,0,0,1,0,1,0,0,1,0,0,0,0,1,0,0,0,0,4192511400,1,0,1,1,0,1,0,0,0,0,0,0,0,1
365,0,0,0,0,0,0,0,0,0,0,1,0,0,1,1,0,1,0,0,0,0,7133704433,1,0,0,0,0,1,0,0,0,1,0,0,0,0
366,0,1,1,0,0,0,0,0,1,0,1,1,0,1,0,1,0,0,0,0,0,4055520400,0,0,1,0,0,1,0,0,0,0,0,0,0,0
367,1,1,1,1,0,1,1,0,1,1,0,1,0,1,0,0,1,0,0,0,0,5166277148,1,0,1,0,0,1,0,0,0,0,0,0,0,1
368,1,0,1,0,0,0,0,0,0,0,1,1,0,1,0,0,0,0,0,0,0,8287712219,1,0,0,0,1,1,0,0,0,1,0,0,0,1
369,1,1,1,1,0,0,1,0,1,0,0,1,0,0,0,0,0,0,0,0,0,9725602667,1,0,1,1,0,1,0,0,0,0,0,0,1,1
370,0,1,1,0,1,0,0,1,1,0,1,1,0,1,0,1,0,0,0,0,0,8037748842,0,0,1,0,0,1,0,0,0,0,0,0,0,1
371,1,1,1,0,0,0,0,0,1,0,1,1,0,1,0,0,0,0,0,0,0,7273932800,1,0,0,0,0,1,0,0,0,0,0,0,0,1
372,1,0,1,1,0,0,1,0,1,0,0,1,0,0,0,0,0,0,0,0,0,9202888400,1,0,0,1,1,1,0,0,0,0,0,0,0,1
373,1,1,1,1,0,0,1,0,1,0,0,1,0,1,0,0,1,0,0,0,0,9738371018,1,0,1,0,0,1,0,0,0,0,0,0,0,1
374,1,1,1,1,0,0,1,0,1,0,0,1,0,1,0,0,1,0,0,0,0,4693265100,1,0,0,0,0,1,0,0,0,0,0,0,0,1
375,0,1,1,0,0,0,0,0,1,0,1,1,0,1,0,1,1,0,0,0,0,7654858830,0,0,1,0,0,1,0,0,0,0,0,0,0,1
376,1,1,1,0,0,0,0,0,0,0,1,1,0,1,0,0,1,0,0,0,0,7573374018,1,0,0,0,0,1,0,0,0,1,0,0,0,1
377,1,1,1,1,0,0,1,0,0,0,0,1,0,0,0,0,0,0,0,0,0,2154265566,1,1,1,1,0,1,0,0,0,1,0,0,0,1
378,1,1,1,1,0,0,1,0,1,0,0,1,0,0,0,0,1,0,0,0,0,7572517469,1,0,1,1,0,1,0,0,0,0,0,0,0,1
379,1,1,1,1,0,0,1,0,1,0,0,1,0,0,0,0,0,0,0,0,0,7043819900,1,0,0,1,0,1,0,0,0,0,0,0,0,1
380,1,1,1,1,0,0,1,0,1,0,0,1,0,0,0,1,1,0,0,0,0,2079353383,0,0,1,1,0,1,0,0,0,0,0,0,0,1
381,1,1,1,1,0,0,1,0,0,0,0,1,0,0,0,0,0,0,0,0,0,9017959193,1,0,0,1,0,1,0,0,0,1,0,0,0,1
382,0,1,1,1,0,0,1,0,1,0,0,1,0,0,0,1,0,0,0,0,0,4146493240,0,0,1,1,0,1,0,0,0,0,0,0,0,1
383,1,1,1,0,0,0,0,0,0,0,1,1,0,1,0,0,0,0,0,0,0,3022738300,1,0,1,0,0,1,0,0,0,1,0,0,0,1
384,1,1,1,1,0,0,1,0,1,0,0,1,0,0,0,1,1,0,0,0,0,5072845278,0,0,1,1,0,1,0,0,0,0,0,0,1,1
385,0,1,1,0,0,0,0,0,1,0,1,1,0,0,0,1,0,0,0,0,0,4059473341,0,0,1,1,0,1,0,0,0,0,0,0,0,1
386,1,0,0,1,0,0,1,0,1,0,0,1,0,1,0,1,1,0,0,0,0,9522856140,0,0,0,0,1,1,0,0,0,0,0,0,0,1
387,1,1,1,1,0,0,1,0,1,0,0,1,0,0,0,1,0,0,0,0,0,3216362211,0,0,1,1,0,1,0,0,0,0,0,0,0,1
388,1,1,1,1,0,0,1,0,1,0,0,1,0,0,0,1,0,0,0,0,0,8183658051,0,0,1,1,0,1,0,0,0,0,0,0,1,1
389,1,0,1,1,0,0,1,0,0,0,0,1,0,0,0,0,0,0,0,0,0,2178642665,1,1,0,1,1,1,0,0,0,1,0,0,0,1
390,0,1,1,1,0,0,1,0,1,0,0,0,0,0,1,0,1,0,0,0,0,2604268117,1,0,1,1,0,1,0,0,0,0,0,0,0,1
391,0,1,0,1,0,0,0,0,1,0,0,0,1,1,1,0,1,0,0,0,0,6153277885,1,0,0,0,0,0,0,0,0,0,0,0,0,0
392,0,1,1,0,0,0,0,0,1,0,1,1,0,1,0,1,1,0,0,0,0,3037242066,0,0,1,0,0,1,0,0,0,0,0,0,0,1
393,1,0,1,1,0,1,1,0,0,0,0,1,0,1,0,0,1,0,0,0,0,7345255744,1,0,0,0,1,1,0,0,0,1,0,0,0,1
394,0,1,1,0,0,0,0,0,1,0,1,0,0,1,1,0,1,0,0,0,0,8064149558,1,0,0,0,0,1,0,0,0,0,0,0,0,0
395,0,1,1,1,0,0,1,0,1,0,0,1,0,0,0,0,0,0,0,0,0,9199661055,1,0,1,1,0,1,0,0,0,0,0,0,0,0
396,0,1,0,1,0,0,1,0,1,0,0,1,0,0,0,1,1,0,0,0,0,3135771356,0,0,1,1,0,1,0,0,0,0,0,0,0,0
397,1,1,0,1,0,0,1,0,1,0,0,1,0,1,0,0,0,0,0,0,0,3618877000,1,0,1,0,0,1,0,0,0,0,0,0,0,1
398,1,1,1,1,0,0,1,0,0,0,0,1,0,0,0,0,0,0,0,0,0,3175837600,1,1,1,1,0,1,0,0,0,1,0,0,0,1
399,1,0,1,1,0,0,1,0,1,0,0,1,0,0,0,0,0,0,0,0,0,2542982400,1,0,0,1,1,1,0,0,0,0,0,0,0,1
400,1,0,1,0,0,1,0,0,1,0,1,1,0,0,0,0,0,0,0,0,0,9417484600,1,0,0,1,1,1,0,0,0,0,0,0,0,1
401,0,1,1,0,0,0,0,0,0,1,1,1,0,1,0,0,0,0,0,0,0,3054765001,1,0,0,0,0,1,0,0,0,1,0,0,0,1
402,1,1,1,1,0,0,1,0,1,0,0,1,0,1,0,1,0,0,0,0,0,8043780800,0,0,1,0,0,1,0,0,0,0,0,0,0,1
403,0,1,1,1,0,1,1,0,1,1,0,1,0,0,0,1,1,0,0,0,0,5043285703,0,0,1,1,0,1,0,0,0,0,0,0,0,1
404,1,1,1,0,0,1,0,0,0,1,1,1,0,1,0,0,1,0,0,0,0,7032060506,1,1,0,0,0,1,0,0,0,1,0,0,0,1
405,0,1,1,0,0,0,0,0,0,0,1,0,0,1,1,0,1,0,0,0,0,2127462962,1,1,0,0,0,1,0,0,0,1,0,0,0,0
406,0,1,0,1,0,0,1,0,0,0,0,1,0,0,0,0,1,0,0,0,0,5084584250,1,0,1,1,0,1,0,0,0,1,0,0,0,0
407,1,0,1,1,0,1,1,0,1,1,0,1,0,0,0,1,0,0,0,0,0,6106824944,0,0,0,1,1,1,0,0,0,0,0,0,0,1
408,0,1,1,0,0,0,0,0,0,0,1,1,0,1,0,0,0,0,0,0,0,8139823460,1,1,1,0,0,1,0,0,0,1,0,0,0,1
409,1,1,1,1,0,0,1,0,1,0,0,1,0,0,0,0,0,0,0,0,0,3142516031,1,0,1,1,0,1,0,0,0,0,0,0,0,1
410,1,0,1,1,0,0,1,0,0,0,0,1,0,1,0,0,0,0,0,0,0,4042559096,1,0,0,0,1,1,0,0,0,1,0,0,0,1
411,0,1,1,1,0,0,1,0,1,0,0,1,0,0,0,1,1,0,0,0,0,8034344555,0,0,0,1,0,1,0,0,0,0,0,0,0,1
412,1,1,1,1,0,0,1,0,1,0,0,1,0,1,0,0,0,0,0,0,0,2033834466,1,0,1,0,0,1,0,0,0,0,0,0,0,1
413,1,1,1,1,0,1,1,0,1,1,0,1,0,0,0,0,0,0,0,0,0,7085244576,1,0,1,1,0,1,0,0,0,0,0,0,0,1
414,1,0,1,1,0,0,1,0,1,0,0,1,0,0,0,1,1,0,0,0,0,8437700404,0,0,0,1,1,1,0,0,0,0,0,0,0,1
415,0,0,0,1,0,0,0,0,1,0,0,0,1,1,1,1,1,0,0,0,0,5015527300,0,0,0,0,1,0,0,0,0,0,0,0,0,0
416,0,0,0,1,0,0,0,0,0,1,0,0,1,1,1,0,1,0,0,0,0,8645402984,1,0,0,0,1,1,0,0,0,0,1,1,0,0
417,0,1,1,0,0,0,0,0,1,0,1,0,0,1,1,1,1,0,0,0,0,8642551111,0,0,1,0,0,1,0,0,0,0,0,0,0,1
418,0,1,0,1,0,0,1,0,1,0,0,1,0,0,0,0,1,0,0,0,0,4047783184,1,0,1,1,0,1,0,0,0,0,0,0,0,0
419,1,1,1,0,0,0,0,0,0,0,1,1,0,1,0,0,1,0,0,0,0,9545717727,1,0,1,0,0,1,0,0,0,1,0,0,0,1
420,0,1,0,1,0,1,1,0,1,1,0,1,0,0,0,0,0,0,0,0,0,7816624390,1,0,1,1,0,1,0,0,0,0,0,0,0,0
421,0,1,0,1,0,0,1,0,1,0,0,1,0,0,0,0,0,0,0,0,0,7033597878,1,0,1,1,0,1,0,0,0,0,0,0,0,0
422,0,1,1,1,0,0,1,0,1,0,0,1,0,0,0,0,1,0,0,0,0,3193383623,1,0,1,1,0,1,0,0,0,0,0,0,0,1
423,1,1,1,1,0,0,1,0,1,0,0,1,0,1,0,1,0,0,0,0,0,4102425350,0,0,1,0,0,1,0,0,0,0,0,0,0,1
424,1,0,1,1,0,0,1,0,1,0,0,1,0,0,0,0,0,0,0,0,0,3179628893,1,0,0,1,1,1,0,0,0,0,0,0,0,1
425,0,1,0,1,0,0,0,0,1,0,0,0,1,0,1,1,1,0,0,0,0,8139748900,0,0,1,1,0,1,0,0,0,0,0,0,0,0
426,0,1,0,1,0,0,1,0,1,0,0,1,0,0,0,0,1,0,0,0,0,5709426124,1,0,1,1,0,1,0,0,0,0,0,0,0,0
427,1,1,1,1,0,0,1,0,1,0,0,1,0,0,0,0,0,0,0,0,0,7574957420,1,0,1,1,0,1,0,0,0,0,0,0,0,1
428,0,1,1,1,0,0,1,0,0,1,0,1,0,0,0,0,1,0,0,0,0,6172770100,1,0,1,1,0,1,0,0,0,1,0,0,0,1
429,1,1,1,1,0,0,1,0,1,0,0,1,0,1,0,0,0,0,0,0,0,4809175900,1,0,1,0,0,1,0,0,0,0,0,0,0,1
430,0,1,1,0,0,0,0,0,1,0,1,1,0,1,0,0,0,0,0,0,0,7137982262,1,0,0,0,0,1,0,0,0,0,0,0,0,1
431,0,1,1,0,0,0,0,0,1,0,1,1,0,1,0,1,0,0,0,0,0,8159713333,0,0,1,0,0,1,0,0,0,0,0,0,0,1
432,0,1,1,1,0,0,1,0,0,0,0,1,0,0,0,0,1,0,0,0,0,3173559370,1,1,1,1,0,1,0,0,0,1,0,0,0,1
433,0,1,1,1,0,0,1,0,1,0,0,1,0,0,0,0,0,0,0,0,0,8604969565,1,0,1,1,0,1,0,0,0,0,0,0,0,1
434,0,1,1,1,0,0,0,0,1,0,0,0,1,0,1,0,1,0,0,0,0,4253395489,1,0,1,1,0,1,0,0,0,0,0,0,0,1
435,0,1,1,0,0,0,0,0,1,0,1,0,0,1,1,1,1,0,0,0,0,2028776429,0,0,1,0,0,1,0,0,0,0,0,0,0,0
436,1,1,0,1,0,0,1,0,1,0,0,1,0,0,0,0,0,0,0,0,0,3145675850,1,0,1,1,0,1,0,0,0,0,0,0,0,1
437,0,1,0,1,0,0,1,0,1,0,0,1,0,0,0,1,1,0,0,0,0,7085790018,0,0,1,1,0,1,0,0,0,0,0,0,0,0
438,0,1,1,0,0,0,0,0,0,0,1,1,0,0,0,0,0,0,0,0,0,7863182337,1,0,0,1,0,1,0,0,0,0,0,1,0,1
439,1,1,1,1,0,0,1,0,1,1,0,1,0,0,0,1,0,0,0,0,0,9199343015,0,0,1,1,0,1,0,0,0,0,0,0,0,1
440,1,1,0,1,0,0,1,0,1,0,0,1,0,0,0,0,1,0,0,0,0,5857237060,1,0,1,1,0,1,0,0,0,0,0,0,0,1
441,0,1,1,1,0,0,1,0,1,0,0,1,0,0,0,0,0,0,0,0,0,3368830029,1,0,1,1,0,1,0,0,0,0,0,0,0,0
442,0,1,1,1,0,0,1,0,1,0,0,1,0,0,0,1,1,0,0,0,0,6308983727,0,0,1,1,0,1,0,0,0,0,0,0,0,1
443,0,1,1,1,0,0,0,0,1,0,0,0,1,1,1,1,1,0,0,0,0,2155031111,0,0,0,0,0,1,0,0,0,0,0,0,0,1
444,0,0,1,0,0,0,0,0,1,0,1,1,0,1,0,1,1,0,0,0,0,4048697840,0,0,0,0,1,1,0,0,0,0,0,0,0,1
445,0,0,1,0,1,0,0,1,1,0,1,0,0,1,1,0,1,0,0,0,0,3034335614,1,0,0,0,0,1,0,0,0,0,0,0,0,1
446,0,1,1,0,0,0,0,0,1,0,1,1,0,1,0,0,0,0,0,0,0,7075654937,1,0,0,0,0,1,0,0,0,0,0,0,0,0
447,0,1,0,1,0,0,0,0,0,0,0,0,1,1,1,0,1,0,0,0,0,6172035062,1,0,0,0,0,0,0,0,0,1,0,0,0,0
448,0,0,1,1,0,0,0,0,1,0,0,0,1,1,1,0,1,0,0,0,0,8454836500,1,0,0,0,1,1,0,0,0,0,0,0,0,1
449,0,0,0,0,1,0,0,1,1,0,1,1,0,1,0,1,0,0,0,0,0,7182751029,0,0,0,0,1,1,0,0,0,0,0,0,0,0
450,0,0,0,1,0,1,1,0,1,1,0,1,0,1,0,0,1,0,0,0,0,4794749555,1,0,0,0,1,1,0,0,0,0,0,0,0,0
451,1,1,1,0,1,1,0,1,1,1,1,1,0,0,0,1,0,0,0,0,0,2193972929,0,0,0,1,0,1,0,0,0,0,0,0,0,1
452,1,1,1,1,0,0,1,0,1,0,0,1,0,0,0,1,0,0,0,0,0,7247260300,0,0,1,1,0,1,0,0,0,0,0,0,0,1
453,0,1,0,1,0,1,1,0,1,1,0,1,0,0,0,1,0,0,0,0,0,6148347030,0,0,1,1,0,1,0,0,0,0,0,0,0,0
454,0,1,0,0,1,0,0,1,1,0,1,1,0,1,0,0,0,0,0,0,0,3056733101,1,0,1,0,0,1,0,0,0,0,0,0,0,0
455,1,1,1,1,0,0,1,0,1,0,0,1,0,0,0,1,0,0,0,0,0,4126416412,0,0,1,1,0,1,0,0,0,0,0,0,0,1
456,0,1,1,1,0,1,1,0,1,1,0,1,0,0,0,0,1,0,0,0,0,6108681323,1,0,1,1,0,1,0,0,0,0,0,0,0,0
457,0,1,1,1,0,0,0,0,1,0,0,0,1,1,1,0,1,0,0,0,0,4795215868,1,0,0,0,0,1,0,0,0,0,0,0,0,0
458,0,1,1,0,0,1,0,0,1,1,1,1,0,0,0,0,0,0,0,0,0,3217234577,1,0,0,1,0,1,0,0,0,0,0,0,0,0
459,0,1,1,1,0,0,0,0,1,0,0,0,1,1,1,0,1,0,0,0,0,3172744034,1,0,0,0,0,1,0,0,0,0,0,0,0,1
460,0,1,0,1,0,0,0,0,1,0,0,0,1,1,1,0,1,0,0,0,0,8107339668,1,0,0,0,0,0,0,0,0,0,0,0,0,0
461,1,1,1,1,0,1,1,0,1,1,0,1,0,1,0,1,0,0,0,0,0,3014343700,0,0,1,0,0,1,0,0,0,0,0,0,0,1
462,0,1,1,0,1,0,0,1,0,0,1,1,0,0,0,0,0,0,0,0,0,8605728282,1,0,1,1,0,1,0,0,0,1,0,0,0,1
463,1,1,1,0,0,0,0,0,1,0,1,1,0,1,0,1,1,0,0,0,0,3012796096,0,0,1,0,0,1,0,0,0,0,0,0,0,1
464,0,0,0,1,0,1,1,0,1,1,0,1,0,1,0,0,0,0,0,0,0,8642460495,1,0,0,0,1,1,0,0,0,0,0,0,0,0
465,0,0,0,0,1,0,0,1,1,0,1,0,0,1,1,1,1,0,0,0,0,9148647102,0,0,0,0,0,0,0,0,0,0,0,0,0,0
466,0,1,0,0,0,0,0,0,1,0,1,1,0,0,0,1,0,0,0,0,0,5624248199,0,0,1,1,0,1,0,0,0,0,0,0,0,0
467,0,1,1,0,0,0,0,0,1,0,1,1,0,1,0,0,0,0,0,0,0,3176307276,1,0,1,0,0,1,0,0,0,0,0,0,0,1
468,0,1,0,0,0,0,0,0,1,0,1,1,0,1,0,0,0,0,0,0,0,8162291192,1,0,1,0,0,1,0,0,0,0,0,0,0,0
469,0,1,0,0,1,1,0,1,1,1,1,1,0,1,0,1,1,0,0,0,0,7187775474,0,0,0,0,0,1,0,0,0,0,0,0,0,0
470,1,0,1,1,0,1,1,0,1,1,0,1,0,0,0,0,0,0,0,0,0,2016567688,1,0,0,1,1,1,0,0,0,0,0,0,0,1
471,0,1,0,0,0,0,0,0,1,0,1,1,0,1,0,0,0,0,0,0,0,2145908228,1,0,1,0,0,0,0,0,0,0,0,0,0,0
472,0,1,1,0,0,0,0,0,1,0,1,1,0,1,0,1,0,0,0,0,0,3128640224,0,0,1,0,0,1,0,0,0,0,0,0,0,1
473,0,0,1,1,0,0,1,0,1,1,0,1,0,1,0,0,1,0,0,0,0,8089431967,1,0,0,0,1,1,0,0,0,0,0,0,0,0
474,1,1,1,1,0,0,1,0,1,0,0,1,0,0,0,1,0,0,0,0,0,8187581200,0,0,1,1,0,1,0,0,0,0,0,0,0,1
475,1,1,1,1,0,1,1,0,1,1,0,1,0,1,0,1,0,0,0,0,0,3017593000,0,0,0,0,0,1,0,0,0,0,0,0,0,1
476,0,1,0,1,0,0,1,0,1,0,0,1,0,1,0,0,0,0,0,0,0,8454835888,1,0,1,0,0,1,0,0,0,0,0,0,0,0
477,0,1,0,0,0,0,0,0,0,0,1,1,0,1,0,0,1,0,0,0,0,6106452615,1,0,1,0,0,1,0,0,0,0,1,1,0,0
478,0,1,0,0,0,0,0,0,1,0,1,0,0,1,1,0,1,0,0,0,0,8139724673,1,0,1,0,0,1,0,0,0,0,0,0,0,0
479,0,1,0,0,0,0,0,0,0,0,1,0,0,1,1,0,1,0,0,0,0,8157132742,1,1,1,0,0,1,0,0,0,1,0,0,0,0
480,0,0,0,0,0,0,0,0,1,0,0,0,0,1,1,1,1,0,0,0,0,2126048803,0,0,0,0,0,0,0,1,0,0,0,0,1,0
481,0,0,0,0,0,0,0,0,1,0,0,0,0,1,1,1,1,0,0,0,0,7877835292,0,0,0,0,0,0,0,1,0,0,0,0,0,0
482,0,0,1,0,1,0,0,1,1,0,1,1,0,1,0,1,0,0,0,0,0,3058934952,0,0,0,0,1,1,0,0,0,0,0,0,0,1
483,0,0,0,0,0,0,0,0,1,0,1,0,0,1,1,1,1,0,0,0,0,4108232726,0,0,0,0,1,1,0,0,0,0,0,0,0,0
484,0,0,0,0,0,0,0,0,1,0,0,0,0,1,1,1,1,0,0,0,0,8507422000,0,0,0,0,0,0,0,1,0,0,0,0,0,0
485,0,1,0,1,0,0,0,0,0,0,0,0,1,1,1,0,1,0,0,0,0,9564215521,1,1,0,0,0,0,0,0,0,1,0,0,0,0
486,0,1,0,0,1,1,0,1,1,1,1,1,0,0,0,1,0,0,0,0,0,3128761006,0,0,1,1,0,1,0,0,0,0,0,0,0,0
487,1,1,1,1,0,0,1,0,1,0,0,1,0,0,0,1,0,0,0,0,0,9197818787,0,0,1,1,0,1,0,0,0,0,0,0,0,1
488,0,1,0,0,0,0,0,0,0,0,1,1,0,1,0,0,0,0,0,0,0,9419172342,1,1,1,0,0,1,0,0,0,1,0,0,0,0
489,0,1,0,0,0,0,0,0,0,0,1,1,0,0,0,0,0,0,0,0,0,5619046514,1,0,1,0,0,1,0,0,0,1,0,0,0,0
490,0,0,1,0,1,0,0,1,1,0,1,1,0,0,0,0,0,0,0,0,0,8085243131,1,0,0,1,1,1,0,0,0,0,0,0,0,0
491,1,1,1,0,1,0,0,1,1,0,1,1,0,1,0,0,0,0,0,0,0,7328059808,1,0,0,0,0,1,0,0,0,0,0,0,0,1
492,0,0,0,0,1,0,0,1,1,0,1,1,0,1,0,1,0,0,0,0,0,2814464605,0,0,0,0,1,1,0,0,0,0,0,0,0,0
493,0,0,1,1,0,0,1,0,1,1,0,1,0,1,0,1,0,0,0,0,0,3056493220,0,0,0,0,1,1,0,0,0,0,0,0,0,1
494,0,1,0,0,0,0,0,0,1,0,1,1,0,1,0,0,0,0,0,0,0,2145908761,1,0,1,0,0,1,0,0,0,0,0,0,0,0
495,0,0,0,1,0,0,0,0,0,0,0,0,1,1,1,0,1,0,0,0,0,4073786687,1,1,0,0,0,1,0,0,0,1,0,0,0,0
496,0,0,0,0,0,0,0,0,1,0,0,0,0,1,1,1,1,0,0,0,0,9403309080,0,0,0,0,0,0,0,1,0,0,0,0,1,0
497,1,0,1,1,0,0,1,0,1,1,0,1,0,1,0,1,0,0,0,0,0,5412827718,0,0,0,0,1,1,0,0,0,0,0,0,0,1
498,0,1,0,1,0,0,0,0,0,0,0,0,1,1,1,0,1,0,0,0,0,8438828454,1,0,0,0,0,0,0,0,0,1,0,0,0,0
499,0,1,0,1,0,0,0,0,1,1,0,0,1,1,1,0,1,0,0,0,0,3218439889,1,0,1,0,0,0,0,0,0,0,0,0,0,0
500,0,1,0,0,1,1,0,1,1,1,1,1,0,0,0,1,1,0,0,0,0,6145231611,0,0,0,1,0,1,0,0,0,0,0,0,0,0
501,0,1,1,1,0,0,0,0,1,0,0,0,1,1,1,1,1,0,0,0,0,7079444716,0,0,0,0,0,1,0,0,0,0,0,0,0,1
502,0,0,1,0,1,0,0,1,1,0,1,1,0,1,0,1,0,0,0,0,0,3058827750,0,0,0,0,1,1,0,0,0,0,0,0,0,0
503,0,1,0,0,1,0,0,1,1,0,1,0,0,0,1,0,1,0,0,0,0,2162919171,1,0,0,1,0,1,0,0,0,0,0,0,0,0
504,0,1,1,0,0,0,0,0,1,0,1,0,0,1,1,0,1,0,0,0,0,7195626240,1,0,1,0,0,1,0,0,0,0,0,0,0,0
505,0,1,1,1,0,1,1,0,1,1,0,1,0,0,0,0,1,0,0,0,0,2128707984,1,0,1,1,0,1,0,0,0,0,0,0,0,0
506,0,0,0,0,0,0,0,0,1,0,0,0,0,1,1,1,1,0,0,0,0,5107495701,0,0,0,0,0,0,0,1,0,0,0,0,0,0
507,0,1,1,0,0,0,0,0,1,0,1,0,0,1,1,1,1,0,0,0,0,4194738105,0,0,0,0,0,1,0,0,0,0,0,0,0,0
508,0,1,1,0,0,0,0,0,1,0,1,0,0,0,1,0,1,0,0,0,0,8476575875,1,0,0,1,0,1,0,0,0,0,0,0,0,0
509,1,1,1,1,0,1,1,0,1,0,0,1,0,0,0,1,1,0,0,0,0,9547189777,0,0,1,1,0,1,0,0,0,0,0,0,0,1
510,1,1,1,1,0,1,1,0,1,1,0,1,0,1,0,1,1,0,0,0,0,8132513089,0,0,0,0,0,1,0,0,0,0,0,0,0,1
511,0,0,0,0,0,0,0,0,1,0,0,0,0,1,1,0,1,0,0,0,0,7048233014,1,0,0,0,0,0,0,1,0,0,0,0,1,0
512,0,1,0,1,0,0,1,0,1,0,0,1,0,0,0,1,0,0,0,0,0,2154649634,0,0,1,1,0,1,0,0,0,0,0,0,0,0
513,0,0,0,0,0,0,0,0,1,0,1,0,0,1,1,1,1,0,0,0,0,5707181309,0,0,0,0,1,1,0,0,0,0,0,0,0,0
514,1,1,1,0,1,0,0,1,1,0,1,1,0,0,0,1,0,0,0,0,0,3034223491,0,0,1,1,0,1,0,0,0,0,0,0,0,1
515,0,1,1,0,0,0,0,0,0,0,1,1,0,1,0,0,1,0,0,0,0,4046167578,1,0,1,0,0,1,0,0,0,1,0,0,0,0
516,0,0,1,1,0,0,1,0,1,1,0,1,0,1,0,1,0,0,0,0,0,5624643141,0,0,0,0,1,1,0,0,0,0,0,0,0,0
517,0,0,0,0,0,0,0,0,1,0,0,0,0,1,1,1,1,0,0,0,0,3524026646,0,0,0,0,0,0,0,1,0,0,0,0,0,0
518,0,1,0,0,1,0,0,1,1,0,1,1,0,1,0,1,0,0,0,0,0,9147776761,0,0,1,0,0,0,0,0,0,0,0,0,0,0
519,0,0,0,0,0,0,0,0,1,0,0,0,0,1,1,1,1,0,0,0,0,6052436676,0,0,0,0,0,0,0,1,0,0,0,0,0,0
520,0,0,0,0,0,0,0,0,1,0,1,0,0,1,1,1,1,0,0,0,0,7813404293,0,0,0,0,1,1,0,0,0,0,0,0,0,0
521,1,1,1,0,1,0,0,1,1,0,1,1,0,1,0,1,1,0,0,0,0,6019829333,0,0,1,0,0,1,0,0,0,0,0,0,0,1
522,0,0,0,0,1,0,0,1,0,0,1,0,0,1,1,0,1,0,0,0,0,9549003903,1,0,0,0,1,1,0,0,0,1,0,0,0,0
523,0,1,0,0,1,1,0,1,1,1,1,1,0,0,0,1,0,0,0,0,0,7184605190,0,0,0,0,0,1,0,0,0,0,0,0,0,0
524,0,1,1,0,0,0,0,0,1,0,1,1,0,0,0,1,0,0,0,0,0,3217251530,0,0,1,1,0,1,0,0,0,0,0,0,0,1
525,0,0,1,1,0,0,1,0,1,1,0,1,0,1,0,1,0,0,0,0,0,2059566164,0,0,0,0,1,1,0,0,0,0,0,0,0,1
526,0,0,0,1,0,0,1,0,0,0,0,1,0,1,0,0,1,0,0,0,0,2167124615,1,0,0,0,1,1,0,0,0,1,0,0,0,0
527,1,1,1,1,0,1,1,0,0,1,0,1,0,1,0,0,1,0,0,0,0,9549666450,1,0,1,0,0,1,0,0,0,1,0,0,0,1
528,0,0,1,1,0,0,1,0,1,1,0,1,0,1,0,1,0,0,0,0,0,2187214961,0,0,0,0,1,1,0,0,0,0,0,0,0,0
529,0,1,1,0,0,0,0,0,1,0,1,1,0,1,0,1,0,0,0,0,0,2155901664,0,0,1,0,0,1,0,0,0,0,0,0,0,1
530,0,1,0,1,0,0,0,0,0,0,0,0,1,1,1,0,1,0,0,0,0,6414242075,1,1,0,0,0,0,0,0,0,1,0,0,0,0
531,0,1,0,0,0,0,0,0,1,0,1,1,0,1,0,0,1,0,0,0,0,4017292359,1,0,1,0,0,0,0,0,0,0,0,0,0,0
532,0,1,0,1,0,0,1,0,1,0,0,0,0,0,1,0,1,0,0,0,0,8043203911,1,0,1,1,0,1,0,0,0,0,0,0,0,0
533,0,1,1,0,0,0,0,0,0,0,1,0,0,1,0,0,1,0,0,0,0,3128808225,1,0,1,0,0,1,0,0,0,0,0,1,0,0
534,0,1,0,1,0,0,0,0,0,0,0,0,1,1,1,0,1,0,0,0,0,8508954361,1,0,0,0,0,0,0,0,0,1,0,0,0,0
535,0,1,1,1,0,0,1,0,1,0,0,1,0,0,0,1,0,0,0,0,0,8083948151,0,0,0,0,0,1,0,0,0,0,0,0,0,1
536,0,1,1,0,0,0,0,0,1,0,1,0,0,1,1,0,1,0,0,0,0,5106256006,1,0,0,0,0,1,0,0,0,0,0,0,0,0
537,0,1,0,0,0,0,0,0,1,0,1,1,0,1,0,0,1,0,0,0,0,2122634661,1,0,1,0,0,0,0,0,0,0,0,0,0,0
538,0,1,1,1,0,0,0,0,1,0,0,0,1,1,1,1,1,0,0,0,0,7132673390,0,0,0,0,0,1,0,0,0,0,0,0,0,0
539,0,1,1,0,0,0,0,0,1,0,1,0,0,1,1,1,1,0,0,0,0,3379813368,0,0,0,0,0,1,0,0,0,0,0,0,0,0
540,0,0,0,0,0,0,0,0,1,1,1,1,0,1,0,1,1,0,0,0,0,8139268701,0,0,0,0,1,0,0,0,0,0,0,0,0,0
541,1,1,1,1,0,0,1,0,1,0,0,1,0,0,0,1,0,0,0,0,0,6022392296,0,0,1,1,0,1,0,0,0,0,0,0,0,1
542,1,1,1,1,0,0,1,0,0,0,0,1,0,1,0,0,1,0,0,0,0,3308562881,1,0,1,0,0,1,0,0,0,1,0,0,0,1
543,0,1,0,0,1,0,0,1,1,0,1,1,0,1,0,1,1,0,0,0,0,7709949326,0,0,0,0,0,1,0,0,0,0,0,0,0,0
544,1,1,1,0,0,0,0,0,1,0,1,1,0,1,0,1,0,0,0,0,0,4088515415,0,0,0,0,0,1,0,0,0,0,0,0,0,1
545,1,1,1,1,0,0,1,0,1,1,0,1,0,0,0,0,0,0,0,0,0,7733888936,1,0,1,1,0,1,0,0,0,0,0,0,1,1
546,1,1,1,1,0,0,1,0,1,0,0,1,0,0,0,1,1,0,0,0,0,7145378487,0,0,1,1,0,1,0,0,0,0,0,0,0,1
547,0,1,0,1,0,0,0,0,1,0,0,0,1,1,1,0,1,0,0,0,0,7189018920,1,0,1,0,0,1,0,0,0,0,0,0,0,0
548,1,1,1,1,0,0,1,0,1,0,0,1,0,0,0,1,0,0,0,0,0,2129615500,0,0,1,1,0,1,0,0,0,0,0,0,0,1
549,0,1,0,1,0,0,0,0,1,0,0,0,1,1,1,1,1,0,0,0,0,2542888025,0,0,0,0,0,0,0,0,0,0,0,0,0,0
550,0,0,1,1,0,0,1,0,1,0,0,1,0,1,0,1,0,0,0,0,0,2066321932,0,0,0,0,1,1,0,0,0,0,0,0,0,1
551,1,1,1,1,0,0,1,0,1,0,0,1,0,0,0,1,0,0,0,0,0,4045055247,0,0,1,1,0,1,0,0,0,0,0,0,0,1
552,0,1,1,0,0,0,0,0,1,0,1,0,0,1,1,0,1,0,0,0,0,9012719500,1,0,1,0,0,1,0,0,0,0,0,0,0,0
553,1,1,1,0,1,0,0,1,1,0,1,1,0,1,0,1,0,0,0,0,0,2126623067,0,0,1,0,0,1,0,0,0,0,0,0,0,1
554,0,1,0,1,0,0,0,0,1,0,0,0,1,1,1,0,1,0,0,0,0,6143550321,1,0,0,0,0,0,0,0,0,0,0,0,0,0
555,0,1,1,1,0,0,1,0,1,0,0,1,0,0,0,1,0,0,0,0,0,6053341667,0,0,1,1,0,1,0,0,0,0,0,0,0,0
556,0,1,0,1,0,0,1,0,1,1,0,1,0,0,0,1,0,0,0,0,0,7409422742,0,0,1,1,0,0,0,0,0,0,0,0,0,0
557,1,1,1,0,0,0,0,0,1,0,1,1,0,1,0,1,0,0,0,0,0,2567689509,0,0,1,0,0,1,0,0,0,0,0,0,0,1
558,0,1,0,1,0,0,0,0,1,0,0,0,1,1,1,1,1,0,0,0,0,7082163750,0,0,0,0,0,1,0,0,0,0,0,0,0,0
559,0,0,1,1,0,1,1,0,0,1,0,1,0,1,0,0,0,0,0,0,0,3525120598,1,0,0,0,1,1,0,0,0,1,0,0,0,1
560,1,1,1,1,0,1,1,0,1,0,0,1,0,0,0,1,0,0,0,0,0,5628680704,0,0,1,1,0,1,0,0,0,0,0,0,0,1
561,0,0,1,1,0,0,1,0,1,1,0,1,0,1,0,1,0,0,0,0,0,7028770231,0,0,0,0,1,1,0,0,0,0,0,0,0,0
562,1,1,1,0,1,0,0,1,1,0,1,1,0,0,0,0,1,0,0,0,0,4047858010,1,0,1,1,0,1,0,0,0,0,0,0,0,1
563,0,1,1,1,0,0,0,0,1,0,0,0,1,1,1,1,1,0,0,0,0,3102223477,0,0,0,0,0,1,0,0,0,0,0,0,0,0
564,0,1,0,0,0,0,0,0,1,0,1,0,0,1,1,1,1,0,0,0,0,7046383384,0,0,0,0,0,1,0,0,0,0,0,0,0,0
565,1,1,1,1,0,0,1,0,1,0,0,1,0,0,0,0,0,0,0,0,0,2123546000,1,0,0,1,0,1,0,0,0,0,0,0,0,1
566,0,1,1,0,1,0,0,1,1,0,1,1,0,1,0,1,0,0,0,0,0,4257441700,0,0,1,0,0,1,0,0,0,0,0,0,0,1
567,0,1,0,0,0,0,0,0,1,0,1,1,0,1,0,1,0,0,0,0,0,2059688360,0,0,1,0,0,0,0,0,0,0,0,0,0,0
568,0,1,0,1,0,0,0,0,1,0,0,0,1,1,1,1,1,0,0,0,0,2484487510,0,0,0,0,0,1,0,0,0,0,0,0,0,0
569,1,1,1,0,1,0,0,1,1,0,1,1,0,0,0,1,0,0,0,0,0,3523518600,0,0,0,1,0,1,0,0,0,0,0,0,0,1
570,0,1,1,0,0,0,0,0,1,0,1,0,0,1,1,1,1,0,0,0,0,9186194173,0,0,0,0,0,1,0,0,0,0,0,0,0,0
571,0,1,1,1,0,1,0,0,0,0,0,0,1,1,1,0,1,0,0,0,0,7135127980,1,0,1,0,0,1,0,0,0,1,0,0,0,0
572,0,1,1,0,0,0,0,0,1,0,1,0,0,1,1,1,1,0,0,0,0,8603446394,0,0,1,0,0,1,0,0,0,0,0,0,0,1
573,0,1,0,1,0,0,0,0,0,0,0,0,1,1,1,0,1,0,0,0,0,2127466723,1,1,0,0,0,0,0,0,0,1,0,0,0,0
574,0,1,0,0,0,1,0,0,1,1,1,0,0,1,1,1,1,0,0,0,0,7878927044,0,0,0,0,0,1,0,0,0,0,0,0,0,0
575,0,1,0,1,0,0,0,0,1,0,0,0,1,1,1,0,1,0,0,0,0,7186308695,1,0,0,0,0,0,0,0,0,0,0,0,0,0
576,1,1,1,1,0,1,1,0,1,1,0,1,0,0,0,1,0,0,0,0,0,4123664680,0,0,1,0,0,1,0,0,0,0,0,0,0,1
577,0,1,1,1,0,0,0,0,1,0,0,0,1,1,1,0,1,0,0,0,0,9282136121,1,0,0,0,0,1,0,0,0,0,0,0,0,1
578,0,0,0,0,0,0,0,0,1,0,0,0,0,1,1,1,1,0,0,0,0,8013758066,0,0,0,0,0,0,0,1,0,0,0,0,1,0
579,0,0,0,0,0,0,0,0,0,0,0,0,0,1,1,0,1,0,0,0,0,7344127688,1,0,0,0,0,0,0,1,0,1,0,0,1,0
580,0,1,0,0,0,0,0,0,1,0,1,1,0,1,0,1,0,0,0,0,0,3033723800,0,0,1,0,0,1,0,0,0,0,0,0,0,0
581,0,0,0,1,0,1,0,0,1,0,0,0,1,1,1,1,1,0,0,0,0,9084399854,0,0,0,0,1,1,0,0,0,0,0,0,0,0
582,0,0,1,0,1,1,0,1,1,1,1,1,0,1,0,1,0,0,0,0,0,8282818094,0,0,0,0,1,1,0,0,0,0,0,0,0,0
583,0,0,0,1,0,0,0,0,1,0,0,0,1,1,1,0,1,0,0,0,0,3056821606,1,0,0,0,1,1,0,0,0,0,0,0,0,1
584,0,1,1,0,0,0,0,0,1,0,1,1,0,1,0,0,0,0,0,0,0,2159529900,1,0,1,0,0,1,0,0,0,0,0,0,0,0
585,0,1,0,0,1,0,0,1,1,0,1,0,0,0,1,1,1,0,0,0,0,2282554300,0,0,1,1,0,1,0,0,0,0,0,0,0,0
586,0,1,1,0,0,0,0,0,0,0,1,1,0,1,0,0,0,0,0,0,0,8474298998,1,0,1,0,0,1,0,0,0,0,1,1,1,0
587,1,1,1,1,0,0,1,0,1,0,0,1,0,1,0,1,0,0,0,0,0,9723044440,0,0,1,0,0,1,0,0,0,0,0,0,1,1
588,0,1,0,1,0,0,1,0,0,0,0,1,0,0,0,0,0,0,0,0,0,3304584236,1,0,1,1,0,1,0,0,0,1,0,0,0,0
589,0,1,1,1,0,0,1,0,1,0,0,1,0,1,0,0,0,0,0,0,0,4239682772,1,0,1,0,0,1,0,0,0,0,0,0,0,1
590,1,1,1,1,0,0,1,0,0,0,0,1,0,0,0,1,0,1,0,1,1,8004700071,0,0,1,1,0,1,1,0,0,0,0,0,0,1
591,0,1,0,0,1,0,0,1,1,0,1,0,0,1,1,1,1,0,0,0,0,9155459795,0,0,0,0,0,1,0,0,0,0,0,0,0,0
592,0,0,0,1,0,0,0,0,1,0,0,0,1,1,1,1,1,0,0,0,0,8013556082,0,0,0,0,1,0,0,0,0,0,0,0,0,0
593,0,1,0,1,0,0,1,0,1,0,0,1,0,0,0,1,0,0,0,0,0,9783469733,0,0,1,1,0,1,0,0,0,0,0,0,0,0
594,0,1,1,1,0,0,1,0,1,0,0,1,0,0,0,0,0,0,0,0,0,5032859321,1,0,1,1,0,1,0,0,0,0,0,0,0,1
595,0,0,0,1,0,0,1,0,1,0,0,1,0,0,0,0,0,0,0,0,0,7187293760,1,0,0,1,1,1,0,0,0,0,0,0,0,0
596,1,1,1,0,0,0,0,0,1,0,1,1,0,0,0,1,0,0,0,0,0,6025487300,0,0,0,1,0,1,0,0,0,0,0,0,0,1
597,0,1,0,1,0,0,1,0,1,0,0,1,0,0,0,1,0,0,0,0,0,3366792041,0,0,1,1,0,1,0,0,0,0,0,0,0,0
598,0,0,0,0,1,0,0,1,1,0,1,1,0,1,0,1,0,0,0,0,0,9013790029,0,0,0,0,1,1,0,0,0,0,0,0,0,0
599,1,0,1,1,0,1,1,0,1,1,0,1,0,1,0,0,1,0,0,0,0,8588479730,1,0,0,0,1,1,0,0,0,0,0,0,0,1
600,0,1,0,0,1,0,0,1,1,0,1,1,0,1,0,1,1,0,0,0,0,7195427891,0,0,1,0,0,1,0,0,0,0,0,0,0,0
601,0,1,0,0,0,0,0,0,1,0,1,1,0,1,0,1,0,0,0,0,0,8602450000,0,0,1,0,0,0,0,0,0,0,0,0,0,0
602,0,1,0,0,0,0,0,0,1,0,1,0,0,1,1,0,1,0,0,0,0,2157624488,1,0,1,0,0,0,0,0,0,0,0,0,0,0
603,0,0,0,0,0,0,0,0,1,1,1,1,0,1,0,1,0,0,0,0,0,3237536210,0,0,0,0,1,1,0,0,0,0,0,0,0,0
604,0,1,0,1,0,0,1,0,1,0,0,1,0,0,0,1,0,0,0,0,0,6147770062,0,0,1,1,0,0,0,0,0,0,0,0,0,0
605,1,1,1,0,1,0,0,1,1,0,1,1,0,0,0,1,0,0,0,0,0,3055496416,0,0,0,0,0,1,0,0,0,0,0,0,0,1
606,0,0,0,0,0,0,0,0,1,0,0,0,0,1,1,1,1,0,0,0,0,6019826001,0,0,0,0,0,0,0,1,0,0,0,0,1,0
607,1,1,1,1,0,0,1,0,1,0,0,1,0,0,0,0,1,0,0,0,0,7324499900,1,0,1,1,0,1,0,0,0,0,0,0,0,1
608,0,1,1,0,0,0,0,0,1,1,1,1,0,0,0,1,1,0,0,0,0,9413426505,0,0,1,1,0,1,0,0,0,0,0,0,0,0
609,1,1,1,1,0,0,1,0,1,0,0,1,0,0,0,1,1,0,0,0,0,4232463220,0,0,1,1,0,1,0,0,0,0,0,0,0,1
610,1,1,1,0,0,0,0,0,1,1,1,1,0,1,0,1,1,0,0,0,0,4404610038,0,0,1,0,0,1,0,0,0,0,0,0,0,1
611,0,1,0,1,0,0,0,0,1,0,0,0,1,1,1,0,1,0,0,0,0,7183704313,1,0,0,0,0,0,0,0,0,0,0,0,0,0
612,0,1,1,0,1,1,0,1,1,1,1,1,0,0,0,1,1,0,0,0,0,5308981100,0,0,0,1,0,1,0,0,0,0,0,0,0,0
613,1,0,1,0,0,1,0,0,1,1,1,1,0,1,0,1,0,0,0,0,0,5305336900,0,0,0,0,1,1,0,0,0,0,0,0,0,1
614,0,0,0,0,0,0,0,0,0,1,1,1,0,0,0,0,0,0,0,0,0,8047223100,1,0,1,1,1,1,0,0,0,1,0,0,0,0
615,0,0,1,0,1,0,0,1,1,0,1,0,0,1,1,1,1,0,0,0,0,9703532438,0,0,0,0,1,1,0,0,0,0,0,0,0,1
616,0,0,0,0,0,0,0,0,0,0,0,0,0,1,1,0,1,0,0,0,0,6153952194,1,0,0,0,0,0,0,1,0,1,0,0,1,0
617,0,1,1,0,0,0,0,0,1,0,1,1,0,1,0,0,0,0,0,0,0,3144547889,1,0,1,0,0,1,0,0,0,0,0,0,0,1
618,0,1,0,0,1,0,0,1,1,0,1,0,0,1,1,0,1,0,0,0,0,3362824660,1,0,0,0,0,1,0,0,0,0,0,0,0,0
619,0,1,1,0,0,0,0,0,1,0,1,1,0,1,0,1,0,0,0,0,0,2815571215,0,0,1,0,0,1,0,0,0,0,0,0,0,1
620,0,1,0,1,0,0,1,0,1,0,0,1,0,1,0,1,0,0,0,0,0,9107621070,0,0,1,0,0,1,0,0,0,0,0,0,0,0
621,0,0,0,0,0,0,0,0,1,0,0,0,1,1,1,1,1,0,0,0,0,6102633583,0,0,0,0,0,0,0,0,1,0,0,0,0,0
622,1,0,1,0,1,0,0,1,1,0,1,1,0,1,0,1,0,0,0,0,0,3038507733,0,0,0,0,1,1,0,0,0,0,0,0,0,1
623,0,1,0,1,0,0,0,0,1,0,0,0,1,1,1,0,1,0,0,0,0,4145668030,1,0,0,0,0,0,0,0,0,0,0,0,0,0
624,0,1,0,1,0,0,1,0,1,0,0,1,0,1,0,1,1,0,0,0,0,2399393939,0,0,1,0,0,1,0,0,0,0,0,0,0,0
625,0,0,0,1,0,1,1,0,1,1,0,1,0,1,0,1,1,0,0,0,0,5306749593,0,0,0,0,1,1,0,0,0,0,0,0,0,0
626,1,1,1,0,1,1,0,1,1,1,1,1,0,0,0,1,0,0,0,0,0,4017382400,0,0,1,1,0,1,0,0,0,0,0,0,0,1
627,0,1,0,0,1,0,0,1,1,0,1,0,0,1,1,1,1,0,0,0,0,2487231635,0,0,1,0,0,1,0,0,0,0,0,0,0,0
628,0,0,0,0,1,0,0,1,1,0,1,1,0,1,0,0,1,0,0,0,0,9724122113,1,0,0,0,1,1,0,0,0,0,0,0,0,0
629,0,0,0,0,0,0,0,0,1,0,0,0,0,1,1,0,1,0,0,0,0,8459387597,1,0,0,0,0,0,0,1,0,0,0,0,1,0
630,0,0,0,1,0,0,0,0,0,0,0,0,1,1,1,0,1,0,0,0,0,6198084640,1,0,0,0,1,1,0,0,0,0,1,1,0,0
631,1,0,1,1,0,1,1,0,1,1,0,1,0,0,0,1,0,0,0,0,0,3105508543,0,0,0,1,1,1,0,0,0,0,0,0,0,1
632,0,1,1,1,0,0,1,0,1,0,0,1,0,0,0,1,0,0,0,0,0,5034185700,0,0,1,1,0,1,0,0,0,0,0,0,0,1
633,0,1,1,1,0,0,1,0,1,0,0,1,0,0,0,0,0,0,0,0,0,8142352480,1,0,0,1,0,1,0,0,0,0,0,0,0,1
634,0,1,1,0,0,0,0,0,1,0,1,0,0,1,1,1,1,0,0,0,0,7137931170,0,0,1,0,0,1,0,0,0,0,0,0,0,1
635,1,1,1,1,0,1,1,0,1,1,0,1,0,0,0,1,0,0,0,0,0,3102738390,0,0,1,1,0,1,0,0,0,0,0,0,0,1
636,0,0,0,0,0,0,0,0,0,0,1,0,0,1,1,0,1,0,0,0,0,9547471221,1,1,0,0,1,1,0,0,0,1,0,0,0,0
637,1,1,1,0,0,0,0,0,1,0,1,1,0,1,0,0,0,0,0,0,0,9099204848,1,0,1,0,0,1,0,0,0,0,0,0,0,1
638,1,1,1,0,0,1,0,0,1,1,1,1,0,1,0,0,0,0,0,0,0,2146964696,1,0,1,0,0,1,0,0,0,0,0,0,0,1
639,1,1,1,1,0,1,1,0,1,1,0,1,0,0,0,0,0,0,0,0,0,8188452255,1,0,1,1,0,1,0,0,0,0,0,0,0,1
640,0,1,1,1,0,0,0,0,1,0,0,0,1,0,1,1,1,0,0,0,0,9035905611,0,0,1,1,0,1,0,0,0,0,0,0,1,0
641,0,1,1,1,0,1,1,0,1,1,0,0,0,0,1,1,1,0,0,0,0,9035643503,0,0,1,1,0,1,0,0,0,0,0,0,0,1
642,0,1,1,1,0,0,1,0,1,0,0,0,0,0,0,1,1,0,0,0,0,2166873649,0,0,1,0,0,1,0,0,0,0,0,0,0,0
643,1,1,1,1,0,1,1,0,1,1,0,1,0,0,0,1,0,0,0,0,0,5026294525,0,0,1,1,0,1,0,0,0,0,0,0,0,1
644,0,0,1,0,0,0,0,0,1,0,1,1,0,1,0,1,1,0,0,0,0,6012882189,0,0,0,0,1,1,0,0,0,0,0,0,0,0
645,1,1,0,1,0,0,1,0,1,0,0,1,0,0,0,0,0,0,0,0,0,6177326770,1,0,1,1,0,1,0,0,0,0,0,0,0,0
646,0,1,1,1,0,0,1,0,1,0,0,1,0,0,0,1,1,0,0,0,0,8163632500,0,0,1,1,0,1,0,0,0,0,0,0,0,1
647,0,0,0,1,0,0,1,0,1,0,0,1,0,0,0,0,1,0,0,0,0,2077754151,1,0,0,1,1,1,0,0,0,0,0,0,0,1
648,0,1,1,1,0,0,0,0,1,0,0,0,1,1,1,0,1,0,0,0,0,2166366888,1,0,1,0,0,1,0,0,0,0,0,0,0,0
649,1,0,1,1,0,0,1,0,1,0,0,1,0,0,0,0,1,0,0,0,0,3046453220,1,0,0,1,1,1,0,0,0,0,0,0,0,1
650,1,1,1,0,0,0,0,0,1,0,1,1,0,0,0,1,1,0,0,0,0,6035773322,0,0,1,1,0,1,0,0,0,0,0,0,0,1
651,1,1,1,0,0,0,0,0,1,0,1,1,0,1,0,0,1,0,0,0,0,9894885450,1,0,1,0,0,1,0,0,0,0,0,0,0,1
652,1,1,1,1,0,0,1,0,1,0,0,1,0,0,0,1,0,0,0,0,0,4123676700,0,0,1,1,0,1,0,0,0,0,0,0,0,1
653,1,1,1,1,0,0,1,0,0,0,0,1,0,1,0,0,1,0,0,0,0,2815304057,1,0,1,0,0,1,0,0,0,1,0,0,0,1
654,0,1,0,1,0,0,1,0,1,0,0,1,0,0,0,0,0,0,0,0,0,7634167600,1,0,1,1,0,1,0,0,0,0,0,0,0,0
655,1,1,1,1,0,0,1,0,1,0,0,1,0,0,0,0,0,0,0,0,0,2152204720,1,0,1,1,0,1,0,0,0,0,0,0,0,1
656,0,1,0,1,0,0,0,0,0,0,0,0,1,0,1,0,1,0,0,0,0,8106402200,1,0,1,1,0,1,0,0,0,1,0,0,0,0
657,1,1,1,1,0,1,1,0,1,1,0,1,0,0,0,0,0,0,0,0,0,4024838560,1,0,1,1,0,1,0,0,0,0,0,0,0,1
658,1,1,1,1,0,0,1,0,1,0,0,1,0,1,0,0,1,0,0,0,0,7578739400,1,0,1,0,0,1,0,0,0,0,0,0,0,1
659,0,1,1,1,0,0,1,0,1,0,0,0,0,0,0,0,1,0,0,0,0,6012004850,1,0,1,1,0,1,0,0,0,0,0,0,0,0
660,1,1,1,1,0,0,1,0,1,0,0,1,0,0,0,0,0,0,0,0,0,6104021350,1,0,1,1,0,1,0,0,0,0,0,0,0,1
661,0,1,1,1,0,0,0,0,1,0,0,0,1,1,1,1,1,0,0,0,0,3524011218,0,0,0,0,0,1,0,0,0,0,0,0,0,1
662,0,1,0,1,0,0,0,0,1,0,0,0,1,1,1,0,1,0,0,0,0,8084330130,1,0,0,0,0,0,0,0,0,0,0,0,0,0
663,1,1,0,1,0,0,1,0,0,0,0,1,0,0,0,0,0,0,0,0,0,5703211665,1,0,1,1,0,1,0,0,0,1,0,0,0,1
664,1,1,1,0,1,0,0,1,1,0,1,1,0,0,0,0,1,0,0,0,0,6176367295,1,0,1,1,0,1,0,0,0,0,0,0,0,1
665,1,1,1,1,0,1,1,0,1,1,0,1,0,1,0,1,0,0,0,0,0,8148330399,0,0,1,0,0,1,0,0,0,0,0,0,0,1
666,1,1,1,1,0,1,1,0,1,1,0,1,0,0,0,0,0,0,0,0,0,7185893501,1,0,1,1,0,1,0,0,0,0,0,0,0,1
667,0,1,1,0,0,0,0,0,1,0,1,1,0,0,0,1,1,0,0,0,0,3522739000,0,0,0,1,0,1,0,0,0,0,0,0,0,0
668,1,1,1,1,0,1,1,0,1,1,0,1,0,0,0,1,1,0,0,0,0,3038289355,0,0,0,1,0,1,0,0,0,0,0,0,0,1
669,1,1,1,1,0,0,1,0,1,0,0,1,0,0,0,1,0,0,0,0,0,6037425252,0,0,1,1,0,1,0,0,0,0,0,0,0,1
670,1,1,1,1,0,0,1,0,1,0,0,1,0,0,0,0,0,0,0,0,0,3237283955,1,0,1,1,0,1,0,0,0,0,0,0,0,1
671,1,1,1,1,0,0,1,0,1,0,0,1,0,0,0,0,1,0,0,0,0,6077298845,1,0,1,1,0,1,0,0,0,0,0,0,0,1
672,0,1,1,1,0,0,1,0,1,0,0,1,0,0,0,1,0,0,0,0,0,4142666550,0,0,1,1,0,1,0,0,0,0,0,0,0,0
673,0,1,0,1,0,0,0,0,1,0,0,0,1,1,1,1,1,0,0,0,0,5746478177,0,0,1,0,0,0,0,0,0,0,0,0,0,0
674,1,0,1,1,0,0,1,0,1,0,0,1,0,0,0,1,0,0,0,0,0,5032162195,0,0,1,1,1,1,0,0,0,0,0,0,0,1
675,0,1,1,1,0,0,0,0,1,0,0,0,1,1,1,0,1,0,0,0,0,3157080190,1,0,1,0,0,1,0,0,0,0,0,0,0,1
676,1,1,1,1,0,0,1,0,1,0,0,1,0,0,0,1,0,0,0,0,0,5173645710,0,0,1,1,0,1,0,0,0,0,0,0,0,1
677,1,1,1,1,0,0,1,0,1,0,0,1,0,1,0,0,1,0,0,0,0,6512545800,1,0,1,0,0,1,0,0,0,0,0,0,0,1
678,1,1,1,0,0,0,0,0,1,0,1,1,0,0,0,1,0,0,0,0,0,9513532000,0,0,1,1,0,1,0,0,0,0,0,0,0,1
679,1,1,1,1,0,1,1,0,0,0,0,1,0,0,0,0,0,0,0,0,0,2012231121,1,0,1,1,0,1,0,0,0,1,0,0,0,1
680,0,1,1,1,0,0,1,0,1,0,0,1,0,0,0,0,0,0,0,0,0,2156578150,1,0,1,1,0,1,0,0,0,0,0,0,0,1
681,1,1,1,0,1,0,0,1,0,0,1,1,0,1,0,0,1,0,0,0,0,5059541921,1,0,1,0,0,1,0,0,0,1,0,0,0,1
682,0,0,1,1,0,0,1,0,1,0,0,1,0,0,0,0,0,0,0,0,0,5302462467,1,0,0,1,1,1,0,0,0,0,0,0,0,1
683,0,1,1,1,0,0,1,0,1,0,0,1,0,0,0,1,1,0,0,0,0,8603545511,0,0,1,1,0,1,0,0,0,0,0,0,0,1
684,1,1,1,1,0,0,1,0,1,0,0,1,0,1,0,0,1,0,0,0,0,6106916222,1,0,1,0,0,1,0,0,0,0,0,0,0,1
685,1,1,1,1,0,1,1,0,1,0,0,1,0,0,0,1,0,0,0,0,0,4102824403,0,0,1,1,0,1,0,0,0,0,0,0,0,1
686,1,1,1,0,1,0,0,1,0,0,1,1,0,0,0,0,1,0,0,0,0,9496007864,1,1,1,0,0,1,0,0,0,1,0,0,0,1
687,1,0,1,1,0,0,1,0,1,0,0,1,0,0,0,0,1,0,0,0,0,3096925393,1,0,0,1,1,1,0,0,0,0,0,0,0,1
688,1,1,1,0,0,0,0,0,1,0,1,1,0,0,0,1,0,0,0,0,0,5032151111,0,0,1,1,0,1,0,0,0,0,0,0,0,1
689,1,1,1,1,0,0,1,0,1,0,0,1,0,0,0,1,0,0,0,0,0,2094686820,0,0,1,1,0,1,0,0,0,0,0,0,0,1
690,1,1,1,1,0,1,1,0,1,1,0,1,0,0,0,0,0,0,0,0,0,4323674817,1,0,1,1,0,1,0,0,0,0,0,0,0,1
691,0,1,1,0,0,0,0,0,1,0,1,1,0,0,0,0,0,0,0,0,0,2084685910,1,0,1,1,0,1,0,0,0,0,0,0,1,0
692,1,0,1,0,0,0,0,0,0,0,1,1,0,1,0,0,0,0,0,0,0,5619239599,1,0,0,0,0,1,0,0,0,1,0,0,0,1
693,1,1,1,1,0,1,1,0,1,1,0,1,0,0,0,0,0,0,0,0,0,9146321235,1,0,1,1,0,1,0,0,0,0,0,0,0,1
694,0,1,0,1,0,0,1,0,0,0,0,1,0,0,0,0,1,0,0,0,0,8048972100,1,1,1,1,0,1,0,0,0,1,0,0,0,0
695,0,1,1,1,0,0,1,0,1,0,0,1,0,1,0,0,0,0,0,0,0,5016644044,1,0,1,0,0,1,0,0,0,0,0,0,0,1
696,0,1,0,1,0,0,1,0,1,0,0,1,0,0,0,0,0,0,0,0,0,6148278700,1,0,1,1,0,1,0,0,0,0,0,0,0,0
697,0,1,1,0,0,0,0,0,1,0,1,1,0,1,0,0,0,0,0,0,0,5044121325,1,0,1,0,0,1,0,0,0,0,0,0,0,1
698,1,1,1,1,0,0,1,0,0,0,0,1,0,0,0,0,0,0,0,0,0,8058844900,1,0,1,1,0,1,0,0,0,1,0,0,0,1
699,1,1,1,0,0,0,0,0,1,0,1,1,0,1,0,0,1,0,0,0,0,4016042530,1,0,1,0,0,1,0,0,0,0,0,0,0,1
700,1,1,0,1,0,0,1,0,0,0,0,1,0,0,0,0,0,0,0,0,0,7123250022,1,0,1,1,0,1,0,0,0,1,0,0,0,1
701,0,0,1,1,0,0,0,0,1,0,0,0,1,1,1,0,1,0,0,0,0,2078923233,1,0,0,0,1,1,0,0,0,0,0,0,0,1
702,1,1,1,1,0,0,1,0,0,0,0,1,0,0,0,1,1,0,0,0,0,6504986500,0,1,1,1,0,1,0,0,0,1,0,0,0,1
703,1,1,1,0,0,0,0,0,1,1,1,1,0,1,0,0,1,0,0,0,0,5082300155,1,0,0,0,0,1,0,0,0,0,0,0,0,1
704,1,1,1,1,0,0,1,0,0,1,0,1,0,1,0,0,0,0,0,0,0,7087492331,1,1,1,0,0,1,0,0,0,1,0,0,0,1
705,0,1,1,1,0,0,0,0,0,0,0,0,1,1,1,0,1,0,0,0,0,4195254455,1,1,0,0,0,1,0,0,0,1,0,0,0,0
706,1,1,1,1,0,0,1,0,0,0,0,1,0,1,0,0,1,0,0,0,0,5083621600,1,0,1,0,0,1,0,0,0,1,0,0,0,1
707,1,1,1,1,0,0,1,0,0,0,0,1,0,0,0,0,0,0,0,0,0,7246549910,1,0,1,1,0,1,0,0,0,1,0,0,0,1
708,1,0,1,1,0,0,1,0,1,0,0,1,0,0,0,0,0,0,0,0,0,7046373373,1,0,0,1,1,1,0,0,0,0,0,0,0,1
709,0,1,0,1,0,0,1,0,1,0,0,1,0,1,0,1,1,0,0,0,0,2527443850,0,0,1,0,0,1,0,0,0,0,0,0,0,1
710,1,1,1,1,0,0,1,0,1,0,0,1,0,0,0,0,0,0,0,0,0,4076485252,1,0,1,1,0,1,0,0,0,0,0,0,0,1
711,0,0,0,0,0,1,0,0,1,1,0,0,1,1,1,1,1,0,0,0,0,7739893939,0,0,1,0,0,0,0,0,1,0,0,0,0,0
712,0,1,1,1,0,1,1,0,1,1,0,1,0,1,0,1,0,0,0,0,0,6019828121,0,0,0,0,0,1,0,0,0,0,0,0,0,1
713,0,1,1,0,0,0,0,0,1,0,1,0,0,1,1,1,1,0,0,0,0,7137945073,0,0,0,0,0,1,0,0,0,0,0,0,0,0
714,0,1,1,0,0,0,0,0,1,0,1,0,0,0,1,0,1,0,0,0,0,9782879400,1,0,0,1,0,1,0,0,0,0,0,0,0,1
715,0,1,1,1,0,0,1,0,1,0,0,1,0,0,0,1,1,0,0,0,0,2156028500,0,0,1,1,0,1,0,0,0,0,0,0,0,1
716,0,1,1,0,0,0,0,0,1,0,1,0,0,1,0,1,1,0,0,0,0,4126928664,0,0,1,0,0,1,0,0,0,0,0,0,0,0
717,1,0,1,1,0,0,1,0,1,0,0,1,0,0,0,0,0,0,0,0,0,3304928001,1,0,0,1,1,1,0,0,0,0,0,0,0,1
718,1,1,1,1,0,0,1,0,1,0,0,1,0,1,0,0,0,0,0,0,0,3044223904,1,0,1,0,0,1,0,0,0,0,0,0,0,1
719,1,0,1,0,0,0,0,0,1,0,1,1,0,1,0,1,0,0,0,0,0,9542653437,0,0,0,0,1,1,0,0,0,0,0,0,0,1
720,0,0,1,1,0,1,1,0,0,0,0,1,0,0,0,0,0,0,0,0,0,9254623737,1,0,0,1,1,1,0,0,0,1,0,0,0,1
721,0,1,1,0,0,0,0,0,1,0,1,1,0,1,0,0,1,0,0,0,0,2164448832,1,0,1,0,0,1,0,0,0,0,0,0,0,0
722,1,1,1,0,0,0,0,0,1,0,1,1,0,1,0,1,1,0,0,0,0,2547242267,0,0,1,0,0,1,0,0,0,0,0,0,0,1
723,1,1,1,1,0,0,1,0,1,0,0,1,0,0,0,0,0,0,0,0,0,8649680168,1,0,1,1,0,1,0,0,0,0,0,0,0,1
724,0,0,1,1,0,0,1,0,1,0,0,1,0,0,0,1,0,0,0,0,0,4156001020,0,0,0,1,1,1,0,0,0,0,0,0,0,0
725,1,0,1,0,0,0,0,0,1,0,1,1,0,1,0,1,0,0,0,0,0,7187803279,0,0,0,0,1,1,0,0,0,0,0,0,0,1
726,0,1,1,1,0,0,1,0,1,0,0,1,0,0,0,1,0,0,0,0,0,7017806000,0,0,1,1,0,1,0,0,0,0,0,0,0,1
727,0,1,0,1,0,0,0,0,1,0,0,0,1,1,1,0,1,0,0,0,0,3042348361,1,0,1,0,0,1,0,0,0,0,0,0,0,1
728,0,1,1,0,0,0,0,0,0,0,1,1,0,0,0,0,0,0,0,0,0,2514713544,1,1,1,1,0,1,0,0,0,1,0,0,0,1
729,1,1,0,1,0,0,1,0,1,0,0,1,0,0,0,1,1,0,0,0,0,4149649200,0,0,1,0,0,1,0,0,0,0,0,0,0,1
730,1,1,1,1,0,0,1,0,1,0,0,1,0,0,0,0,0,0,0,0,0,6025221900,1,0,0,1,0,1,0,0,0,0,0,0,0,1
731,0,0,0,1,0,0,1,0,0,0,0,1,0,1,0,0,1,0,0,0,0,4809260170,1,0,0,0,1,1,0,0,0,1,0,0,0,0
732,1,1,1,1,0,0,1,0,0,0,0,1,0,0,0,0,0,0,0,0,0,3132776700,1,0,1,1,0,1,0,0,0,1,0,0,0,1
733,0,1,0,1,0,0,1,0,1,0,0,0,0,0,0,1,1,0,0,0,0,4092673118,0,0,1,1,0,1,0,0,0,0,0,0,0,0
734,1,1,1,0,0,0,0,0,1,0,1,1,0,0,0,0,1,0,0,0,0,3156630059,1,0,1,1,0,1,0,0,0,0,0,0,0,1
735,1,0,1,1,0,0,1,0,0,0,0,1,0,0,0,0,0,0,0,0,0,3176217120,1,1,0,1,1,1,0,0,0,1,0,0,0,1
736,1,1,1,1,0,0,1,0,0,0,0,1,0,1,0,0,0,0,0,0,0,8655316454,1,0,1,0,0,1,0,0,0,1,0,0,0,1
737,1,1,1,1,0,0,1,0,1,0,0,1,0,0,0,0,1,0,0,0,0,2487517246,1,0,1,1,0,1,0,0,0,0,0,0,0,1
738,1,1,1,1,0,0,1,0,1,0,0,1,0,0,0,1,1,0,0,0,0,9152155700,0,0,1,1,0,1,0,0,0,0,0,0,0,1
739,0,0,0,0,0,1,0,0,1,0,1,0,0,1,1,0,1,0,0,0,0,9738327487,1,0,0,0,1,1,0,0,0,0,0,0,0,0
740,1,1,1,1,0,0,1,0,1,0,0,1,0,0,0,0,0,0,0,0,0,4025952275,1,0,1,1,0,1,0,0,0,0,0,0,0,1
741,1,1,1,0,1,0,0,1,1,0,1,1,0,0,0,0,1,0,0,0,0,6176362229,1,0,1,1,0,1,0,0,0,0,0,0,0,1
742,1,0,1,1,0,0,1,0,1,0,0,1,0,0,0,1,0,0,0,0,0,9202888350,0,0,0,1,1,1,0,0,0,0,0,0,0,1
743,1,1,1,1,0,1,1,0,1,1,0,1,0,1,0,1,0,0,0,0,0,7735812120,0,0,1,0,0,1,0,0,0,0,0,0,0,1
744,0,1,1,1,0,0,1,0,1,0,0,1,0,0,0,0,1,0,0,0,0,4144340461,1,0,1,1,0,1,0,0,0,0,0,0,0,0
745,1,1,1,1,0,0,1,0,0,0,0,1,0,1,0,0,0,0,0,0,0,3523830733,1,0,1,0,0,1,0,0,0,1,0,0,1,1
746,0,1,1,1,0,1,1,0,1,1,0,1,0,0,0,1,0,0,0,0,0,5628044441,0,0,1,1,0,1,0,0,0,0,0,0,0,1
747,0,0,0,0,0,0,0,0,0,0,0,0,0,1,1,0,1,0,0,0,0,2243576997,1,0,0,0,0,0,0,1,0,1,0,0,0,0
748,1,1,1,1,0,0,1,0,1,0,0,1,0,0,0,0,1,0,0,0,0,8437238823,1,0,1,1,0,1,0,0,0,0,0,0,0,1
749,0,0,0,0,0,0,0,0,1,0,0,0,0,1,1,1,1,0,0,0,0,6309322340,0,0,0,0,0,0,0,1,0,0,0,0,1,0
750,0,1,0,1,0,1,1,0,1,1,0,1,0,0,0,1,1,0,0,0,0,9287632500,0,0,0,1,0,0,0,0,0,0,0,0,0,0
751,1,1,1,0,1,1,0,1,1,1,1,1,0,1,0,1,0,0,0,0,0,7168355869,0,0,0,0,0,1,0,0,0,0,0,0,0,1
752,1,1,1,0,0,1,0,0,1,1,1,1,0,0,0,1,0,0,0,0,0,7086814040,0,0,1,1,0,1,0,0,0,0,0,0,0,1
753,1,0,1,0,1,0,0,1,1,1,1,1,0,1,0,1,0,0,0,0,0,4155869940,0,0,0,0,1,1,0,0,0,0,0,0,0,1
754,0,0,0,0,0,0,0,0,1,0,1,1,0,1,0,1,1,0,0,0,0,2083232847,0,0,0,0,1,1,0,0,0,0,0,0,0,0
755,0,0,1,0,1,0,0,1,0,0,1,1,0,1,0,0,0,0,0,0,0,8564575721,1,0,0,0,1,1,0,0,0,1,0,0,0,0
756,0,0,0,0,0,0,0,0,1,0,0,0,0,1,1,1,1,0,0,0,0,2177428387,0,0,0,0,0,0,0,1,0,0,0,0,1,0
757,1,1,1,0,0,0,0,0,1,0,1,1,0,1,0,1,0,0,0,0,0,3603973370,0,0,1,0,0,1,0,0,0,0,0,0,0,1
758,1,1,1,1,0,0,1,0,1,0,0,1,0,0,0,1,0,0,0,0,0,9036141000,0,0,1,1,0,1,0,0,0,0,0,0,0,1
759,0,0,1,1,0,1,1,0,1,1,0,1,0,1,0,1,0,0,0,0,0,2034691387,0,0,0,0,1,1,0,0,0,0,0,0,0,0
760,0,1,1,0,1,0,0,1,1,0,1,0,0,1,1,0,1,0,0,0,0,6022658322,1,0,1,0,0,1,0,0,0,0,0,0,0,0
761,0,1,0,1,0,0,0,0,1,0,0,0,1,1,1,1,1,0,0,0,0,6503651452,0,0,0,0,0,1,0,0,0,0,0,0,0,0
762,0,1,0,0,1,0,0,1,0,0,1,1,0,1,0,0,0,0,0,0,0,9096522811,1,0,1,0,0,1,0,0,0,0,1,1,0,0
763,1,1,1,1,0,0,1,0,0,1,0,1,0,1,0,0,0,0,0,0,0,3183888880,1,0,0,0,0,1,0,0,0,1,0,0,0,1
764,0,1,0,1,0,1,1,0,1,1,0,1,0,0,0,0,0,0,0,0,0,9566475144,1,0,1,1,0,0,0,0,0,0,0,0,0,0
765,0,1,1,1,0,0,1,0,1,0,0,1,0,1,0,1,0,0,0,0,0,2132508055,0,0,1,0,0,1,0,0,0,0,0,0,0,0
766,0,1,1,0,0,0,0,0,1,0,1,1,0,1,0,1,0,0,0,0,0,8056415711,0,0,1,0,0,1,0,0,0,0,0,0,0,0
767,1,1,1,0,0,0,0,0,1,0,1,1,0,0,0,0,0,0,0,0,0,7186164408,1,0,1,1,0,1,0,0,0,0,0,0,0,1
768,0,1,0,1,0,0,1,0,1,0,0,1,0,0,0,0,0,0,0,0,0,3024219721,1,0,1,1,0,1,0,0,0,0,0,0,0,0
769,0,0,0,1,0,0,1,0,1,1,0,1,0,1,0,0,0,0,0,0,0,6175272772,1,0,0,0,1,1,0,0,0,0,0,0,0,0
770,0,0,0,0,0,0,0,0,1,0,1,1,0,1,0,1,0,0,0,0,0,5132513238,0,0,0,0,1,0,0,0,0,0,0,0,0,0
771,1,0,1,0,0,1,0,0,1,1,1,1,0,1,0,1,1,0,0,0,0,4152581765,0,0,0,0,1,1,0,0,0,0,0,0,0,1
772,0,1,1,1,0,1,1,0,1,1,0,1,0,0,0,1,0,0,0,0,0,2125701800,0,0,1,1,0,1,0,0,0,0,0,0,0,0
773,0,0,1,0,1,0,0,1,1,0,1,0,0,1,1,1,1,0,0,0,0,7878518183,0,0,0,0,1,1,0,0,0,0,0,0,0,1
774,1,1,0,0,1,0,0,1,1,0,1,1,0,1,0,1,1,0,0,0,0,3059180505,0,0,1,0,0,1,0,0,0,0,0,0,0,1
775,0,1,0,0,0,0,0,0,1,0,1,0,0,1,1,0,1,0,0,0,0,3166824646,1,0,0,0,0,0,0,0,0,0,0,0,0,0
776,1,1,1,1,0,0,1,0,1,0,0,1,0,0,0,0,1,0,0,0,0,9858757660,1,0,1,1,0,1,0,0,0,0,0,0,0,1
777,0,0,1,0,0,1,0,0,1,1,1,0,0,1,1,1,1,0,0,0,0,9103436301,0,0,0,0,1,1,0,0,0,0,0,0,0,1
778,1,1,1,1,0,0,1,0,0,0,0,1,0,0,0,0,0,0,0,0,0,6509850530,1,0,1,1,0,1,0,0,0,1,0,0,0,1
779,0,1,1,0,1,0,0,1,1,0,1,1,0,0,0,1,1,0,0,0,0,9789228346,0,0,1,1,0,1,0,0,0,0,0,0,0,1
780,1,1,1,1,0,0,1,0,1,0,0,1,0,0,0,0,1,0,0,0,0,9566641400,1,0,0,1,0,1,0,0,0,0,0,0,0,1
781,0,1,0,0,0,0,0,0,1,0,1,1,0,1,0,1,0,0,0,0,0,4693427010,0,0,1,0,0,1,0,0,0,0,0,0,0,0
782,0,1,1,0,0,1,0,0,1,1,1,1,0,1,0,1,0,0,0,0,0,5028956588,0,0,0,0,0,1,0,0,0,0,0,0,0,1
783,0,1,0,0,0,0,0,0,1,0,1,1,0,1,0,1,0,0,0,0,0,2105677410,0,0,1,0,0,0,0,0,0,0,0,0,0,0
784,0,1,0,0,0,0,0,0,0,0,1,0,0,1,1,0,1,0,0,0,0,6194724575,1,0,1,0,0,0,0,0,0,1,0,0,0,0
785,0,0,0,0,1,0,0,1,0,0,1,0,0,1,1,1,1,0,0,0,0,7707036601,0,0,0,0,1,1,0,0,0,1,0,0,0,0
786,0,1,0,0,1,0,0,1,1,0,1,0,0,1,1,1,1,0,0,0,0,8132530953,0,0,0,0,0,1,0,0,0,0,0,0,0,0
787,1,0,1,1,0,0,1,0,1,1,0,1,0,1,0,0,0,0,0,0,0,2058792276,1,0,0,0,1,1,0,0,0,0,0,0,0,1
788,0,1,1,0,0,1,0,0,1,1,1,1,0,0,0,1,0,0,0,0,0,6105652754,0,0,0,1,0,1,0,0,0,0,0,0,0,1
789,0,1,1,1,0,0,0,0,1,0,0,0,1,1,1,0,1,0,0,0,0,6022545561,1,0,1,0,0,1,0,0,0,0,0,0,0,0
790,0,1,0,0,0,0,0,0,1,0,1,1,0,1,0,0,0,0,0,0,0,4194235313,1,0,1,0,0,0,0,0,0,0,0,0,0,0
791,1,1,1,1,0,0,1,0,0,0,0,1,0,1,0,0,1,0,0,0,0,7709209745,1,0,1,0,0,1,0,0,0,1,0,0,0,1
792,0,1,1,0,1,0,0,1,1,0,1,1,0,1,0,1,1,0,0,0,0,8067632161,0,0,0,0,0,1,0,0,0,0,0,0,0,0
793,0,1,1,1,0,1,1,0,0,1,0,1,0,1,0,0,1,0,0,0,0,3058269565,1,0,0,0,0,1,0,0,0,1,0,0,0,1
794,0,1,1,0,0,1,0,0,1,1,1,1,0,1,0,1,0,0,0,0,0,5012213331,0,0,0,0,0,1,0,0,0,0,0,0,0,0
795,0,1,0,1,0,0,1,0,1,0,0,1,0,0,0,1,0,0,0,0,0,9494702355,0,0,1,0,0,1,0,0,0,0,0,0,0,0
796,0,1,0,0,0,0,0,0,1,0,1,1,0,0,0,1,0,0,0,0,0,7278675480,0,0,1,1,0,1,0,0,0,0,0,0,0,0
797,1,1,1,0,1,0,0,1,1,0,1,1,0,0,0,1,0,0,0,0,0,8086716777,0,0,1,1,0,1,0,0,0,0,0,0,0,1
798,0,1,1,0,1,0,0,1,1,0,1,0,0,0,1,1,1,0,0,0,0,4809691446,0,0,1,1,0,1,0,0,0,0,0,0,0,0
799,1,1,1,0,0,0,0,0,1,0,1,1,0,1,0,1,0,0,0,0,0,4126925515,0,0,1,0,0,1,0,0,0,0,0,0,0,1
800,1,1,1,1,0,0,1,0,1,0,0,1,0,0,0,0,0,0,0,0,0,8056827300,1,0,1,1,0,1,0,0,0,0,0,0,0,1
801,0,0,1,0,1,0,0,1,1,1,1,1,0,1,0,1,0,0,0,0,0,2125353126,0,0,0,0,1,1,0,0,0,0,0,0,0,0
802,1,1,1,1,0,0,1,0,1,0,0,1,0,1,0,0,0,0,0,0,0,4193833556,1,0,1,0,0,1,0,0,0,0,0,0,0,1
803,1,1,1,1,0,0,1,0,1,0,0,1,0,0,0,1,1,0,0,0,0,7188985470,0,0,1,1,0,1,0,0,0,0,0,0,0,1
804,0,0,1,1,0,1,1,0,1,1,0,1,0,1,0,0,0,0,0,0,0,8705350400,1,0,0,0,1,1,0,0,0,0,0,0,0,1
805,0,1,1,1,0,0,1,0,0,0,0,1,0,0,0,0,1,0,0,0,0,4844228647,1,0,1,1,0,1,0,0,0,1,0,0,0,1
806,0,1,0,0,1,0,0,1,0,0,1,0,0,1,1,0,1,0,0,0,0,9197652251,1,0,0,0,0,1,0,0,0,1,0,0,0,0
807,0,0,0,0,0,0,0,0,1,0,0,0,0,1,1,1,1,0,0,0,0,9726646963,0,0,0,0,0,0,0,1,0,0,0,0,1,0
808,0,0,0,0,0,0,0,0,0,0,1,0,0,1,1,0,1,0,0,0,0,3188075437,1,0,0,0,1,1,0,0,0,0,0,1,0,0
809,0,1,0,0,0,0,0,0,1,0,1,1,0,0,0,1,0,0,0,0,0,6023755440,0,0,0,1,0,1,0,0,0,0,0,0,0,0
810,0,0,0,0,0,0,0,0,0,0,0,0,0,1,1,0,1,0,0,0,0,5165549222,1,0,0,0,0,0,0,1,0,1,0,0,0,0
811,0,1,1,1,0,1,1,0,1,1,0,1,0,1,0,0,0,0,0,0,0,9857815600,1,0,1,0,0,1,0,0,0,0,0,0,0,0
812,0,1,1,0,1,0,0,1,1,0,1,1,0,1,0,1,0,0,0,0,0,8473591889,0,0,0,0,0,1,0,0,0,0,0,0,0,1
813,1,1,1,0,0,1,0,0,1,1,1,1,0,1,0,1,0,0,0,0,0,6319799889,0,0,0,0,0,1,0,0,0,0,0,0,0,1
814,1,1,1,1,0,0,1,0,1,0,0,1,0,0,0,0,0,0,0,0,0,9146810600,1,0,1,1,0,1,0,0,0,0,0,0,0,1
815,0,1,0,0,1,0,0,1,1,0,1,0,0,1,1,1,1,0,0,0,0,9283480000,0,0,1,0,0,1,0,0,0,0,0,0,0,0
816,0,1,1,0,0,0,0,0,1,0,1,1,0,1,0,1,0,0,0,0,0,7654538123,0,0,1,0,0,1,0,0,0,0,0,0,0,1
817,0,1,0,1,0,0,0,0,1,0,0,0,1,1,1,1,1,0,0,0,0,4122328751,0,0,1,0,0,1,0,0,0,0,0,0,0,0
818,0,0,0,0,1,0,0,1,1,0,1,0,0,1,0,1,1,0,0,0,0,7877446626,0,0,0,0,1,1,0,0,0,0,0,0,0,0
819,0,0,1,0,1,0,0,1,1,0,1,1,0,0,0,0,0,0,0,0,0,6104376222,1,0,0,1,1,1,0,0,0,0,0,0,0,0
820,0,1,1,1,0,0,1,0,1,0,0,1,0,0,0,1,0,0,0,0,0,7654461571,0,0,1,1,0,1,0,0,0,0,0,0,0,0
821,0,0,0,0,0,0,0,0,1,0,0,0,0,1,1,1,1,0,0,0,0,9175218718,0,0,0,0,0,0,0,1,0,0,0,0,1,0
822,0,0,1,1,0,0,1,0,1,0,0,1,0,1,0,1,0,0,0,0,0,7709391901,0,0,0,0,1,1,0,0,0,0,0,0,0,0
823,1,1,1,0,0,1,0,0,1,1,1,1,0,0,0,0,0,0,0,0,0,7326831283,1,0,0,1,0,1,0,0,0,0,0,0,0,1
824,0,1,1,0,1,0,0,1,1,0,1,1,0,1,0,1,0,0,0,0,0,4076739992,0,0,1,0,0,1,0,0,0,0,0,0,0,1
825,1,1,1,1,0,0,1,0,0,0,0,1,0,1,0,0,0,0,0,0,0,7083864487,1,0,1,0,0,1,0,0,0,1,0,0,0,1
826,0,1,0,0,1,0,0,1,1,0,1,1,0,0,0,0,1,0,0,0,0,4132845308,1,0,1,1,0,1,0,0,0,0,0,0,0,0
827,0,0,0,0,0,0,0,0,1,0,1,1,0,1,0,0,0,0,0,0,0,4787457773,1,0,0,0,1,0,0,0,0,0,0,0,0,0
828,0,0,0,1,0,0,1,0,1,0,0,1,0,1,0,1,0,0,0,0,0,4145276000,0,0,0,0,1,1,0,0,0,0,0,0,0,0
829,0,1,1,0,0,0,0,0,1,0,1,0,0,1,1,1,1,0,0,0,0,4137332444,0,0,1,0,0,1,0,0,0,0,0,0,0,0
830,0,1,1,1,0,0,1,0,1,0,0,1,0,0,0,1,1,0,0,0,0,3232267346,0,0,1,0,0,1,0,0,0,0,0,0,0,0
831,0,1,0,1,0,0,0,0,1,0,0,0,1,1,1,1,1,0,0,0,0,7017776304,0,0,0,0,0,0,0,0,0,0,0,0,0,0
832,1,1,1,0,0,0,0,0,1,0,1,1,0,1,0,1,0,0,0,0,0,6194825825,0,0,0,0,0,1,0,0,0,0,0,0,0,1
833,0,0,1,0,0,0,0,0,1,0,1,1,0,0,0,1,0,0,0,0,0,7814530000,0,0,0,0,1,1,0,0,0,0,0,0,0,1
834,0,1,0,0,1,0,0,1,1,0,1,1,0,0,0,1,0,0,0,0,0,3307457263,0,0,1,1,0,1,0,0,0,0,0,0,0,0
835,0,1,0,0,0,0,0,0,1,0,1,1,0,1,0,0,1,0,0,0,0,9548382667,1,0,1,0,0,1,0,0,0,0,0,0,0,0
836,0,1,1,0,0,0,0,0,1,0,1,1,0,1,0,1,1,0,0,0,0,2392622708,0,0,1,0,0,1,0,0,0,0,0,0,0,0
837,0,0,0,0,0,0,0,0,1,0,0,0,0,1,1,1,1,0,0,0,0,2144239060,0,0,0,0,0,0,0,1,0,0,0,0,0,0
838,0,1,0,0,0,0,0,0,0,0,1,1,0,0,0,0,0,0,0,0,0,4342376471,1,0,1,1,0,1,0,0,0,1,0,0,0,0
839,0,0,0,0,0,0,0,0,1,0,0,0,0,1,1,1,1,0,0,0,0,5632849367,0,0,0,0,0,0,0,1,0,0,0,0,1,0
840,0,1,1,0,0,0,0,0,1,0,1,1,0,1,0,0,1,0,0,0,0,9199664652,1,0,1,0,0,1,0,0,0,0,0,0,0,0
841,0,0,0,0,0,1,0,0,1,1,0,0,1,1,1,0,1,0,0,0,0,7032516662,1,0,0,0,0,0,0,0,1,0,0,0,0,0
842,0,1,0,1,0,0,1,0,1,0,0,1,0,0,0,0,1,0,0,0,0,3129262000,1,0,0,1,0,1,0,0,0,0,0,0,0,0
843,0,1,0,1,0,0,1,0,1,0,0,1,0,0,0,1,0,0,0,0,0,9372086359,0,0,1,1,0,0,0,0,0,0,0,0,0,0
844,0,0,0,0,1,0,0,1,0,1,1,1,0,1,0,0,0,0,0,0,0,9167143280,1,0,0,0,1,1,0,0,0,1,0,0,0,0
845,1,1,1,1,0,1,1,0,0,1,0,1,0,0,0,0,1,0,0,0,0,5417411226,1,0,1,1,0,1,0,0,0,1,0,0,0,1
846,1,1,1,1,0,0,1,0,1,0,0,1,0,1,0,1,1,0,0,0,0,2157523035,0,0,1,0,0,1,0,0,0,0,0,0,0,1
847,0,1,0,1,0,1,1,0,0,1,0,1,0,0,0,0,1,0,0,0,0,3024530500,1,0,1,1,0,0,0,0,0,1,0,0,0,0
848,0,1,1,0,0,0,0,0,1,0,1,0,0,1,1,0,1,0,0,0,0,5037263762,1,0,0,0,0,1,0,0,0,0,0,0,0,1
849,0,1,1,1,0,0,0,0,1,0,0,0,1,1,1,1,1,0,0,0,0,6124674135,0,0,0,0,0,1,0,0,0,0,0,0,0,1
850,0,0,0,0,0,0,0,0,1,0,1,1,0,1,0,1,0,0,0,0,0,8015873214,0,0,0,0,0,1,0,0,0,0,0,0,0,1
851,0,0,0,0,0,0,0,0,1,0,0,0,1,1,1,0,1,0,0,0,0,8183644448,1,0,1,0,0,0,0,0,1,0,0,0,0,0
852,0,1,1,0,1,0,0,1,1,0,1,1,0,1,1,1,0,0,0,0,0,3232265715,0,0,0,0,0,1,0,0,0,0,0,0,0,1
853,0,1,1,1,0,0,1,0,1,0,0,1,0,1,0,1,1,0,0,0,0,8059875041,0,0,1,0,0,1,0,0,0,0,0,0,0,0
854,0,1,0,0,0,0,0,0,1,0,1,1,0,1,0,0,0,0,0,0,0,8032331013,1,0,0,0,0,1,0,0,0,0,0,0,0,0
855,0,1,1,0,0,0,0,0,1,0,1,0,0,1,1,0,1,0,0,0,0,9184952693,1,0,1,0,0,1,0,0,0,0,0,0,0,1
856,0,1,0,0,0,0,0,0,1,0,1,0,0,0,1,1,1,0,0,0,0,7812550778,0,0,0,1,0,1,0,0,0,0,0,0,0,0
857,0,1,0,0,0,0,0,0,1,0,1,1,0,1,0,0,0,0,0,0,0,5614226650,1,0,0,0,0,1,0,0,0,0,0,0,0,0
858,0,0,0,0,1,0,0,1,1,1,1,0,0,1,1,0,1,0,0,0,0,7877581755,1,0,0,0,1,1,0,0,0,0,0,0,0,0
859,0,1,1,1,0,1,1,0,0,1,0,1,0,0,0,0,1,0,0,0,0,8476937020,1,1,1,1,0,1,0,0,0,1,0,0,0,1
860,0,1,1,0,0,0,0,0,1,0,1,1,0,1,0,0,0,0,0,0,0,3176306188,1,0,1,0,0,1,0,0,0,0,0,0,0,1
861,0,0,0,0,0,0,0,0,1,0,1,1,0,1,0,0,1,0,0,0,0,6176672300,1,0,0,0,1,0,0,0,0,0,0,0,0,0
862,0,1,1,1,0,0,1,0,0,0,0,1,0,0,0,0,0,0,0,0,0,8123332731,1,1,1,1,0,1,0,0,0,1,0,0,0,0
863,0,1,1,0,0,0,0,0,1,0,1,1,0,0,0,1,1,0,0,0,0,5175481246,0,0,1,1,0,1,0,0,0,0,0,0,0,1
864,0,1,1,0,0,0,0,0,1,0,1,1,0,1,0,0,0,0,0,0,0,3172780944,1,0,0,0,0,1,0,0,0,0,0,0,0,1
865,0,1,0,0,0,0,0,0,1,0,1,1,0,1,0,0,0,0,0,0,0,2124551010,1,0,0,0,0,0,0,0,0,0,0,0,0,0
866,0,1,0,0,0,0,0,0,1,0,0,0,1,1,1,0,1,0,0,0,0,5136244565,1,0,1,0,0,0,0,0,0,0,0,0,0,0
867,0,0,0,0,0,0,0,0,0,0,1,0,0,1,1,0,1,0,0,0,0,3035303755,1,0,0,0,1,1,0,0,0,1,0,0,0,0
868,0,1,0,1,0,0,0,0,0,0,0,0,1,1,1,0,1,0,0,0,0,6169138650,1,0,1,0,0,1,0,0,0,0,0,1,0,0
869,1,1,1,1,0,0,1,0,1,0,0,1,0,1,0,0,0,0,0,0,0,3176310420,1,0,1,0,0,1,0,0,0,0,0,0,0,1
870,0,1,0,1,0,0,0,0,0,0,0,0,1,1,1,0,1,0,0,0,0,6032772200,1,0,0,0,0,0,0,0,0,1,0,0,0,0
871,0,0,0,0,0,0,0,0,1,0,0,0,0,1,1,1,1,0,0,0,0,8589665674,0,0,0,0,0,0,0,1,0,0,0,0,0,0
872,1,1,1,1,0,1,1,0,1,1,0,1,0,1,0,1,0,0,0,0,0,8083732167,0,0,1,0,0,1,0,0,0,0,0,0,0,1
873,0,1,0,0,1,1,0,1,1,1,1,1,0,0,0,1,0,0,0,0,0,6265715955,0,0,0,1,0,1,0,0,0,0,0,0,0,0
874,0,1,0,1,0,1,1,0,1,1,0,1,0,1,0,1,0,0,0,0,0,2145538545,0,0,1,0,0,0,0,0,0,0,0,0,0,0
875,0,1,0,0,0,1,0,0,1,1,1,1,0,1,0,1,0,0,0,0,0,3149189111,0,0,1,0,0,0,0,0,0,0,0,0,0,0
876,0,1,1,0,1,0,0,1,1,0,1,1,0,0,0,0,0,0,0,0,0,4028846700,1,0,1,1,0,1,0,0,0,0,0,0,0,0
877,0,0,0,0,1,0,0,1,1,0,1,1,0,1,0,1,0,0,0,0,0,2055531687,0,0,0,0,1,1,0,0,0,0,0,0,0,0
878,0,1,1,1,0,0,0,0,1,0,0,0,1,1,1,0,1,0,0,0,0,6195166606,1,0,0,0,0,1,0,0,0,0,0,0,0,0
879,0,1,0,0,1,0,0,1,1,0,1,1,0,0,0,1,0,0,0,0,0,5098354672,0,0,1,0,0,1,0,0,0,0,0,0,0,0
880,0,1,0,0,0,0,0,0,1,0,1,1,0,1,0,1,0,0,0,0,0,9498244356,0,0,0,0,0,1,0,0,0,0,0,0,0,0
881,0,1,1,0,0,0,0,0,0,0,1,1,0,1,0,0,0,0,0,0,0,5023579729,1,0,1,0,0,1,0,0,0,1,0,0,1,0
882,1,1,1,0,0,1,0,0,0,0,1,1,0,1,0,0,0,0,0,0,0,3056432283,1,0,0,0,0,1,0,0,0,1,0,0,0,1
883,0,1,1,0,0,0,0,0,1,1,1,1,0,0,0,1,0,0,0,0,0,4144755550,0,0,0,1,0,1,0,0,0,0,0,0,0,1
884,0,1,1,1,0,0,1,0,0,0,0,1,0,1,0,0,0,0,0,0,0,7312560526,1,0,1,0,0,1,0,0,0,1,0,0,0,1
885,1,1,0,1,0,0,1,0,1,0,0,1,0,0,0,0,1,0,0,0,0,9096520220,1,0,1,1,0,1,0,0,0,0,0,0,0,1
886,1,1,0,0,0,0,0,0,1,0,1,1,0,1,0,1,0,0,0,0,0,4137474170,0,0,1,0,0,1,0,0,0,0,0,0,0,1
887,0,0,0,1,0,1,1,0,1,1,0,1,0,1,0,0,0,0,0,0,0,3256911053,1,0,0,0,1,1,0,0,0,0,0,0,0,0
888,0,1,0,1,0,0,1,0,1,1,0,1,0,1,0,1,0,0,0,0,0,2156724726,0,0,0,0,0,1,0,0,0,0,0,0,0,0
889,1,1,1,1,0,0,1,0,1,0,0,1,0,0,0,0,1,0,0,0,0,5123418001,1,0,1,1,0,1,0,0,0,0,0,0,0,1
890,0,0,1,0,1,1,0,1,1,1,1,1,0,0,0,1,0,0,0,0,0,6153271711,0,0,0,1,1,1,0,0,0,0,0,0,0,0
891,0,1,1,1,0,0,0,0,1,0,0,0,1,0,1,0,1,0,0,0,0,2105932503,1,0,1,1,0,1,0,0,0,0,0,0,0,0
892,0,1,0,0,1,0,0,1,1,0,1,0,0,1,0,0,1,0,0,0,0,5135846898,1,0,1,0,0,1,0,0,0,0,0,0,0,0
893,0,0,0,0,0,0,0,0,1,0,0,0,0,1,1,1,1,0,0,0,0,4126053020,0,0,0,0,0,0,0,1,0,0,0,0,0,0
894,1,1,1,1,0,0,1,0,1,0,0,1,0,0,0,1,0,0,0,0,0,6185668810,0,0,1,1,0,1,0,0,0,0,0,0,0,1
895,0,0,1,0,0,1,0,0,0,1,1,1,0,1,0,0,1,0,0,0,0,2065435511,1,0,0,0,1,1,0,0,0,1,0,0,0,0
896,0,0,0,0,0,0,0,0,1,0,0,0,0,1,1,1,1,0,0,0,0,7195622360,0,0,0,0,0,0,0,1,0,0,0,0,0,0
897,1,1,1,0,0,0,0,0,1,0,1,1,0,0,0,0,0,0,0,0,0,8168585253,1,0,1,1,0,1,0,0,0,0,0,0,1,1
898,0,0,0,1,0,0,1,0,1,0,0,1,0,0,0,0,0,0,0,0,0,6154535155,1,0,0,0,1,1,0,0,0,0,0,0,0,0
899,0,1,0,0,0,0,0,0,1,0,0,0,1,1,1,1,1,0,0,0,0,8037749163,0,0,1,0,0,0,0,0,0,0,0,0,0,0
900,0,1,1,1,0,0,0,0,1,0,0,0,1,1,1,1,1,0,0,0,0,4109553518,0,0,0,0,0,1,0,0,0,0,0,0,0,0
901,0,1,1,1,0,0,0,0,1,0,0,0,1,1,1,1,1,0,0,0,0,3108258816,0,0,1,0,0,1,0,0,0,0,0,0,0,0
902,1,1,1,1,0,1,1,0,1,1,0,1,0,1,0,0,1,0,0,0,0,5049348550,1,0,1,0,0,1,0,0,0,0,0,0,0,1
903,0,1,1,0,1,0,0,1,1,0,1,1,0,0,0,0,0,0,0,0,0,8472344310,1,0,1,1,0,1,0,0,0,0,0,0,0,1
904,0,1,1,1,0,0,0,0,0,0,0,0,1,1,1,0,1,0,0,0,0,2158292345,1,0,0,0,0,1,0,0,0,1,0,0,0,1
905,0,0,0,0,0,0,0,0,1,0,0,0,1,1,1,0,1,0,0,0,0,3345281112,1,0,0,0,0,0,0,0,1,0,0,0,0,0
906,1,1,1,1,0,0,1,0,1,0,0,1,0,1,0,0,1,0,0,0,0,7877985323,1,0,1,0,0,1,0,0,0,0,0,0,0,1
907,0,1,1,0,0,0,0,0,1,0,1,1,0,1,0,0,1,0,0,0,0,5755566400,1,0,1,0,0,1,0,0,0,0,0,0,0,1
908,0,1,1,0,0,0,0,0,1,0,1,0,0,1,1,1,1,0,0,0,0,6176365784,0,0,0,0,0,1,0,0,0,0,0,0,0,1
909,0,1,1,1,0,1,1,0,1,1,0,1,0,0,0,0,1,0,0,0,0,3104534071,1,0,1,1,0,1,0,0,0,0,0,0,0,1
910,0,0,0,1,0,0,0,0,1,0,0,0,1,1,1,1,1,0,0,0,0,9196903499,0,0,0,0,1,0,0,0,0,0,0,0,0,0
911,0,1,1,1,0,1,1,0,0,1,0,1,0,1,0,0,0,0,0,0,0,6194822400,1,0,1,0,0,1,0,0,0,1,0,0,0,0
912,1,1,1,1,0,0,1,0,1,0,0,1,0,1,0,0,1,0,0,0,0,2259277546,1,0,1,0,0,1,0,0,0,0,0,0,0,1
913,1,1,0,1,0,0,1,0,1,0,0,1,0,1,0,1,0,0,0,0,0,3183778855,0,0,1,0,0,1,0,0,0,0,0,0,0,1
914,0,1,1,1,0,0,1,0,1,0,0,1,0,1,0,0,1,0,0,0,0,4148744870,1,0,1,0,0,1,0,0,0,0,0,0,0,1
915,0,1,1,0,0,0,0,0,1,0,1,1,0,1,0,1,1,0,0,0,0,6783123294,0,0,1,0,0,1,0,0,0,0,0,0,0,1
916,1,1,1,0,0,0,0,0,1,0,1,1,0,1,0,0,0,0,0,0,0,3055526969,1,0,1,0,0,1,0,0,0,0,0,0,0,1
917,0,1,1,1,0,0,1,0,1,0,0,1,0,0,0,1,0,0,0,0,0,4156681000,0,0,1,1,0,1,0,0,0,0,0,0,0,1
918,0,1,1,1,0,1,1,0,1,0,0,1,0,0,0,1,0,0,0,0,0,7605689831,0,0,1,1,0,1,0,0,0,0,0,0,0,1
919,0,1,1,0,0,0,0,0,1,0,1,0,0,1,1,0,1,0,0,0,0,3104791215,1,0,0,0,0,1,0,0,0,0,0,0,0,1
920,0,1,0,1,0,0,1,0,1,0,0,1,0,1,0,0,0,0,0,0,0,9724348000,1,0,1,0,0,1,0,0,0,0,0,0,0,0
921,0,1,0,0,0,0,0,0,1,0,1,1,0,1,0,1,1,0,0,0,0,2692267231,0,0,1,0,0,1,0,0,0,0,0,0,0,0
922,1,1,1,1,0,0,1,0,1,0,0,1,0,0,0,1,0,0,0,0,0,7195957040,0,0,1,1,0,1,0,0,0,0,0,0,0,1
923,0,0,1,0,0,0,0,0,1,0,1,0,0,1,1,0,1,0,0,0,0,7877630216,1,0,0,0,1,1,0,0,0,0,0,0,0,0
924,1,0,1,0,0,0,0,0,1,0,1,1,0,1,0,0,1,0,0,0,0,8144758700,1,0,0,0,1,1,0,0,0,0,0,0,0,1
925,1,1,1,1,0,0,1,0,1,0,0,1,0,0,0,0,1,0,0,0,0,5734586380,1,0,1,1,0,1,0,0,0,0,0,0,0,1
926,1,1,1,1,0,0,1,0,1,0,0,1,0,0,0,1,1,0,0,0,0,6088318300,0,0,0,0,0,1,0,0,0,0,0,0,0,1
927,0,1,1,1,0,0,0,0,1,0,0,0,1,0,1,0,1,0,0,0,0,3126956647,1,0,1,1,0,1,0,0,0,0,0,0,0,0
928,1,1,1,1,0,1,1,0,0,1,0,1,0,1,0,0,1,0,0,0,0,3027389145,1,0,1,0,0,1,0,0,0,1,0,0,0,1
929,0,1,1,1,0,0,1,0,1,0,0,1,0,0,0,1,0,0,0,0,0,8644573838,0,0,1,1,0,1,0,0,0,0,0,0,0,1
930,0,1,1,0,0,0,0,0,1,0,1,1,0,1,0,0,0,0,0,0,0,2028065677,1,0,0,0,0,1,0,0,0,0,0,0,0,1
931,1,1,1,1,0,0,1,0,1,0,0,1,0,0,0,0,0,0,0,0,0,9373997021,1,0,1,1,0,1,0,0,0,0,0,0,1,1
932,0,1,0,1,0,1,1,0,1,1,0,1,0,1,0,1,0,0,0,0,0,9784684101,0,0,0,0,0,1,0,0,0,0,0,0,0,1
933,0,0,0,0,0,0,0,0,1,0,0,0,1,1,1,1,1,0,0,0,0,7189513072,0,0,1,0,0,0,0,0,1,0,0,0,0,0
934,1,1,1,1,0,0,1,0,1,1,0,1,0,1,0,1,0,0,0,0,0,8183651668,0,0,1,0,0,1,0,0,0,0,0,0,0,1
935,1,1,1,1,0,0,1,0,1,0,0,1,0,0,0,1,0,0,0,0,0,3104456600,0,0,1,1,0,1,0,0,0,0,0,0,0,1
936,1,1,1,1,0,0,1,0,1,0,0,1,0,0,0,1,0,0,0,0,0,2014874088,0,0,1,1,0,1,0,0,0,0,0,0,0,1
937,1,1,1,1,0,0,1,0,1,0,0,1,0,0,0,1,1,0,0,0,0,9497211113,0,0,0,1,0,1,0,0,0,0,0,0,0,1
938,1,1,1,1,0,1,1,0,1,0,0,1,0,1,0,1,0,0,0,0,0,7603416996,0,0,1,0,0,1,0,0,0,0,0,0,0,1
939,0,1,1,1,0,0,1,0,0,0,0,0,0,1,1,0,1,0,0,0,0,9729071280,1,1,1,0,0,1,0,0,0,1,0,0,0,0
940,0,0,0,0,0,0,0,0,1,0,0,0,0,1,1,1,1,0,0,0,0,9792074350,0,0,0,0,0,0,0,1,0,0,0,0,1,0
941,1,1,1,1,0,0,1,0,1,0,0,1,0,1,0,0,0,0,0,0,0,4103744747,1,0,1,0,0,1,0,0,0,0,0,0,0,1
942,0,1,1,1,0,0,1,0,1,0,0,1,0,0,0,0,1,0,0,0,0,8314544100,1,0,1,1,0,1,0,0,0,0,0,0,0,1
943,0,0,0,0,0,0,0,0,1,0,1,1,0,1,0,1,0,0,0,0,0,5135583892,0,0,0,0,1,1,0,0,0,0,0,0,0,0
944,1,1,1,1,0,0,1,0,1,0,0,1,0,0,0,1,1,0,0,0,0,4055426131,0,0,1,1,0,1,0,0,0,0,0,0,0,1
945,0,1,1,0,0,0,0,0,1,0,1,1,0,1,0,0,1,0,0,0,0,9196843950,1,0,0,0,0,1,0,0,0,0,0,0,0,0
946,0,1,1,1,0,0,1,0,1,0,0,1,0,0,0,0,0,0,0,0,0,9204051414,1,0,1,1,0,1,0,0,0,0,0,0,0,0
947,0,0,0,0,0,0,0,0,0,0,1,1,0,1,0,0,0,0,0,0,0,9253806655,1,0,0,0,1,1,0,0,0,1,0,0,0,0
948,1,1,0,1,0,1,1,0,1,1,0,1,0,0,0,0,0,0,0,0,0,6319281414,1,0,1,1,0,1,0,0,0,0,0,0,0,1
949,0,1,0,1,0,0,1,0,1,0,0,1,0,0,0,0,0,0,0,0,0,7167537107,1,0,1,1,0,1,0,0,0,0,0,0,0,0
950,1,1,0,1,0,0,1,0,1,0,0,1,0,0,0,0,0,0,0,0,0,8508778174,1,0,1,1,0,1,0,0,0,0,0,0,0,1
951,0,1,1,1,0,0,1,0,1,0,0,0,0,0,1,0,1,0,0,0,0,6038953351,1,0,1,1,0,1,0,0,0,0,0,0,0,1
952,0,1,1,0,0,0,0,0,1,0,1,1,0,1,0,1,0,0,0,0,0,3108298202,0,0,1,0,0,1,0,0,0,0,0,0,0,1
953,0,1,1,1,0,1,1,0,1,1,0,1,0,0,0,1,0,0,0,0,0,4122325616,0,0,0,1,0,1,0,0,0,0,0,0,0,1
954,1,1,1,1,0,1,1,0,1,0,0,1,0,0,0,1,0,0,0,0,0,5703268090,0,0,1,1,0,1,0,0,0,0,0,0,0,1
955,1,0,1,0,0,0,0,0,0,0,1,1,0,1,0,0,0,0,0,0,0,2126599567,1,0,0,0,1,1,0,0,0,1,0,0,0,1
956,0,1,1,1,0,0,0,0,1,0,0,0,1,1,1,1,1,0,0,0,0,3252245871,0,0,1,0,0,1,0,0,0,0,0,0,0,0
957,1,1,1,0,0,0,0,0,1,0,1,1,0,1,0,0,0,0,0,0,0,2167784174,1,0,1,0,0,1,0,0,0,0,0,0,0,1
958,0,1,0,0,0,0,0,0,1,0,1,0,0,1,1,0,1,0,0,0,0,7877745555,1,0,1,0,0,1,0,0,0,0,0,0,0,0
959,0,1,1,1,0,0,1,0,1,0,0,0,0,0,0,0,1,0,0,0,0,7168452300,1,0,1,1,0,1,0,0,0,0,0,0,0,1
960,0,1,1,1,0,1,1,0,1,1,0,1,0,0,0,1,1,0,0,0,0,6265769929,0,0,1,1,0,1,0,0,0,0,0,0,0,1
961,0,1,1,1,0,0,0,0,1,0,0,0,1,0,1,1,1,0,0,0,0,6025460935,0,0,1,1,0,1,0,0,0,0,0,0,0,0
962,0,1,1,0,1,1,0,1,1,1,1,1,0,1,0,1,0,0,0,0,0,4123643117,0,0,0,0,0,1,0,0,0,0,0,0,0,0
963,0,1,0,0,1,0,0,1,1,0,1,1,0,1,0,1,1,0,0,0,0,4402368484,0,0,1,0,0,1,0,0,0,0,0,0,0,0
964,0,0,1,1,0,0,1,0,1,1,0,1,0,1,0,1,0,0,0,0,0,5203225418,0,0,0,0,1,1,0,0,0,0,0,0,0,0
965,1,1,1,1,0,1,1,0,1,1,0,1,0,0,0,1,0,0,0,0,0,7603271226,0,0,1,1,0,1,0,0,0,0,0,0,0,1
966,1,1,1,1,0,0,1,0,1,1,0,1,0,0,0,1,0,0,0,0,0,9287184375,0,0,1,1,0,1,0,0,0,0,0,0,0,1
967,1,0,1,0,1,1,0,1,1,0,1,1,0,1,0,1,1,0,0,0,0,9414972138,0,0,0,0,1,1,0,0,0,0,0,0,0,1
968,0,1,0,0,1,0,0,1,1,0,1,1,0,1,0,1,1,0,0,0,0,9725547131,0,0,0,0,0,1,0,0,0,0,0,0,0,0
969,0,0,0,0,1,0,0,1,1,1,1,1,0,1,0,1,0,0,0,0,0,6307898030,0,0,0,0,1,1,0,0,0,0,0,0,0,0
970,1,1,1,1,0,0,1,0,1,0,0,1,0,0,0,1,0,0,0,0,0,3154462985,0,0,1,1,0,1,0,0,0,0,0,0,0,1
971,1,1,1,0,1,0,0,1,1,0,1,1,0,0,0,0,0,0,0,0,0,7858423635,1,0,1,1,0,1,0,0,0,0,0,0,0,1
972,0,0,0,0,0,0,0,0,1,0,1,1,0,1,0,1,0,0,0,0,0,9184564503,0,0,0,0,1,1,0,0,0,0,0,0,0,0
973,0,1,0,0,1,0,0,1,1,1,1,1,0,0,0,1,0,0,0,0,0,7074627040,0,0,0,1,0,1,0,0,0,0,0,0,0,0
974,0,0,0,0,0,0,0,0,1,1,1,1,0,1,0,1,1,0,0,0,0,7146342322,0,0,0,0,1,1,0,0,0,0,0,0,0,0
975,0,0,0,0,0,0,0,0,1,0,0,0,1,1,1,1,1,0,0,0,0,2108216688,0,0,1,0,0,0,0,0,1,0,0,0,0,0
976,1,1,1,0,1,0,0,1,1,1,1,1,0,1,0,1,0,0,0,0,0,4257478950,0,0,1,0,0,1,0,0,0,0,0,0,0,1
977,0,1,1,1,0,0,1,0,1,0,0,1,0,0,0,0,1,0,0,0,0,3606937878,1,0,1,1,0,1,0,0,0,0,0,0,0,0
978,0,1,1,0,1,0,0,1,1,0,1,1,0,1,0,1,0,0,0,0,0,2563530626,0,0,1,0,0,1,0,0,0,0,0,0,0,0
979,0,0,0,0,0,0,0,0,1,0,0,0,0,1,1,0,1,0,0,0,0,7572955979,1,0,0,0,0,0,0,1,0,0,0,0,0,0
980,0,1,1,0,0,0,0,0,1,0,1,1,0,0,0,0,0,0,0,0,0,8015720631,1,0,1,1,0,1,0,0,0,0,0,0,0,1
981,0,1,1,1,0,1,1,0,1,0,0,0,0,0,1,1,1,0,0,0,0,8593235410,0,0,1,1,0,1,0,0,0,0,0,0,0,0
982,0,1,0,1,0,0,0,0,1,0,0,0,1,1,1,1,1,0,0,0,0,2173835159,0,0,1,0,0,1,0,0,0,0,0,0,1,0
983,0,1,0,1,0,1,1,0,1,1,0,1,0,1,0,0,1,0,0,0,0,2033341932,1,0,1,0,0,1,0,0,0,0,0,0,0,0
984,0,0,1,0,0,0,0,0,1,1,1,1,0,1,0,1,1,0,0,0,0,8584812651,0,0,0,0,1,1,0,0,0,0,0,0,0,1
985,0,1,0,1,0,0,1,0,1,0,0,1,0,0,0,1,1,0,0,0,0,8123422100,0,0,1,1,0,1,0,0,0,0,0,0,0,0
986,1,1,1,1,0,1,1,0,1,1,0,1,0,1,0,1,0,0,0,0,0,2124752880,0,0,1,0,0,1,0,0,0,0,0,0,0,1
987,0,1,0,1,0,0,1,0,1,0,0,1,0,1,0,1,0,0,0,0,0,9253705110,0,0,1,0,0,0,0,0,0,0,0,0,0,0
988,0,1,0,1,0,1,1,0,1,1,0,1,0,0,0,0,0,0,0,0,0,9083404609,1,0,1,1,0,1,0,0,0,0,0,0,0,0
989,0,1,1,1,0,0,0,0,1,0,0,0,1,1,1,0,1,0,0,0,0,2394036375,1,0,1,0,0,1,0,0,0,0,0,0,1,0
990,0,0,1,0,1,0,0,1,1,0,1,0,0,1,1,1,1,0,0,0,0,4097403577,0,0,1,0,0,1,0,0,0,0,0,0,0,0
991,0,0,1,0,0,0,0,0,1,0,1,1,0,0,0,1,0,0,0,0,0,5592331188,0,0,0,1,1,1,0,0,0,0,0,0,0,0
992,0,1,0,1,0,0,0,0,1,0,0,0,1,1,1,1,1,0,0,0,0,6516367519,0,0,0,0,0,0,0,0,0,0,0,0,0,0
993,0,0,0,0,1,0,0,1,1,1,1,1,0,1,0,1,1,0,0,0,0,5163659447,0,0,0,0,1,1,0,0,0,0,0,0,0,0
994,0,1,0,1,0,0,1,0,1,0,0,1,0,0,0,1,0,0,0,0,0,8564688330,0,0,1,1,0,1,0,0,0,0,0,0,0,0
995,0,1,0,1,0,0,1,0,1,0,0,0,0,1,0,1,1,0,0,0,0,2104921522,0,0,1,0,0,1,0,0,0,0,0,0,0,0
996,0,1,0,0,1,1,0,1,1,1,1,1,0,0,0,1,0,0,0,0,0,2134133324,0,0,0,1,0,1,0,0,0,0,0,0,0,0
997,0,0,1,0,0,0,0,0,1,0,1,1,0,1,0,1,0,0,0,0,0,8177630233,0,0,0,0,1,1,0,0,0,0,0,0,0,0
998,0,0,0,0,0,0,0,0,1,0,0,0,0,1,1,1,1,0,0,0,0,4105252005,0,0,0,0,0,0,0,1,0,0,0,0,1,0
999,1,1,0,0,0,1,0,0,1,1,1,1,0,0,0,1,0,0,0,0,0,3618819300,0,0,0,1,0,1,0,0,0,0,0,0,0,1
1000,1,1,0,1,0,0,1,0,1,1,0,1,0,0,0,1,0,0,0,0,0,9048271455,0,0,0,1,0,1,0,0,0,0,0,0,0,1
1001,1,1,1,1,0,1,1,0,1,0,0,1,0,0,0,1,1,0,0,0,0,5036153130,0,0,1,1,0,1,0,0,0,0,0,0,0,1
1002,0,1,0,0,1,0,0,1,1,0,1,1,0,1,0,1,0,0,0,0,0,6024931626,0,0,0,0,0,1,0,0,0,0,0,0,0,0
1003,1,1,1,0,1,0,0,1,1,1,1,1,0,0,0,1,0,0,0,0,0,9099828941,0,0,0,1,0,1,0,0,0,0,0,0,0,1
1004,0,1,0,0,0,0,0,0,1,0,1,1,0,1,0,1,1,0,0,0,0,2086663378,0,0,0,0,0,0,0,0,0,0,0,0,0,0
1005,0,1,1,0,1,0,0,1,1,0,1,1,0,0,0,1,0,0,0,0,0,7135283430,0,0,0,1,0,1,0,0,0,0,0,0,0,0
1006,0,1,0,0,0,0,0,0,1,0,1,0,0,1,1,1,1,0,0,0,0,3014516955,0,0,1,0,0,1,0,0,0,0,0,0,0,0
1007,0,1,0,0,1,0,0,1,1,1,1,1,0,0,0,1,1,0,0,0,0,9192207711,0,0,1,1,0,1,0,0,0,0,0,0,0,0
1008,1,1,1,1,0,0,1,0,1,0,0,1,0,0,0,1,0,0,0,0,0,7815956800,0,0,1,1,0,1,0,0,0,0,0,0,0,1
1009,1,1,1,1,0,0,1,0,1,0,0,1,0,0,0,1,0,0,0,0,0,9549622445,0,0,1,1,0,1,0,0,0,0,0,0,0,1
1010,1,1,1,0,1,1,0,1,1,1,1,1,0,0,0,1,0,0,0,0,0,9854471216,0,0,0,1,0,1,0,0,0,0,0,0,0,1
1011,0,0,0,1,0,0,1,0,1,0,0,1,0,0,0,0,0,0,0,0,0,5704506333,1,0,0,1,1,0,0,0,0,0,0,0,0,0
1012,0,0,1,0,1,1,0,1,1,0,1,1,0,1,0,1,0,0,0,0,0,8122355180,0,0,0,0,1,1,0,0,0,0,0,0,0,1
1013,0,0,0,1,0,0,1,0,1,1,0,1,0,1,0,0,1,0,0,0,0,9149330016,1,0,0,0,1,1,0,0,0,0,0,0,0,1
1014,0,1,0,0,1,0,0,1,1,0,1,0,0,0,1,1,1,0,0,0,0,8648820226,0,0,1,1,0,1,0,0,0,0,0,0,0,0
1015,0,1,1,0,0,0,0,0,1,0,1,0,0,1,1,1,1,0,0,0,0,7026366360,0,0,0,0,0,1,0,0,0,0,0,0,0,0
1016,0,0,0,0,1,0,0,1,1,0,1,0,0,1,1,1,1,0,0,0,0,7602561414,0,0,0,0,1,0,0,0,0,0,0,0,0,0
1017,0,0,0,0,0,0,0,0,1,0,0,0,0,1,1,1,1,0,0,0,0,7195244051,0,0,0,0,0,0,0,1,0,0,0,0,1,0
1018,0,1,1,0,1,0,0,1,1,0,1,1,0,0,0,1,0,0,0,0,0,3303373500,0,0,1,1,0,1,0,0,0,0,0,0,0,1
1019,0,1,0,0,0,0,0,0,1,0,1,0,0,0,1,1,1,0,0,0,0,4809817033,0,0,0,1,0,1,0,0,0,0,0,0,0,0
1020,0,1,1,0,0,0,0,0,1,0,1,0,0,1,1,1,1,0,0,0,0,9034087780,0,0,1,0,0,1,0,0,0,0,0,0,0,0
1021,0,0,1,1,0,0,1,0,1,0,0,1,0,1,0,1,0,0,0,0,0,9098238609,0,0,0,0,1,1,0,0,0,0,0,0,0,1
1022,0,1,0,0,1,0,0,1,1,0,1,1,0,1,0,1,0,0,0,0,0,3015930724,0,0,1,0,0,1,0,0,0,0,0,0,0,0
1023,1,1,0,1,0,0,1,0,1,0,0,1,0,0,0,1,0,0,0,0,0,4106869019,0,0,1,1,0,1,0,0,0,0,0,0,0,1
1024,0,1,0,0,0,0,0,0,1,0,1,1,0,1,0,1,1,0,0,0,0,4109555607,0,0,0,0,0,1,0,0,0,0,0,0,0,0
1025,0,1,1,1,0,0,1,0,1,0,0,1,0,0,0,0,0,0,0,0,0,7137911874,1,0,1,1,0,1,0,0,0,0,0,0,0,0
1026,0,1,0,1,0,0,1,0,1,0,0,1,0,1,0,1,0,0,0,0,0,4239263472,0,0,0,0,0,0,0,0,0,0,0,0,0,0
1027,1,0,1,0,1,1,0,1,1,1,1,1,0,1,0,1,0,0,0,0,0,2185255185,0,0,0,0,1,1,0,0,0,0,0,0,0,1
1028,0,0,1,1,0,0,1,0,1,1,0,1,0,1,0,1,0,0,0,0,0,8037945084,0,0,0,0,1,1,0,0,0,0,0,0,0,1
1029,0,0,1,1,0,0,0,0,1,0,0,0,1,0,1,1,1,0,0,0,0,9283445550,0,0,0,1,1,1,0,0,0,0,0,0,0,0
1030,0,0,0,0,0,0,0,0,1,0,0,0,0,1,1,0,1,0,0,0,0,5135844936,1,0,0,0,0,0,0,1,0,0,0,0,0,0
1031,0,1,1,0,0,0,0,0,1,0,1,0,0,0,1,1,1,0,0,0,0,2393688039,0,0,0,1,0,1,0,0,0,0,0,0,0,1
1032,0,0,1,0,0,0,0,0,1,0,1,1,0,0,0,1,0,0,0,0,0,8054343211,0,0,1,1,1,1,0,0,0,0,0,0,0,1
